10941	0.13712479062690047	0.6674584790113346	0.19541673036176463
10942	0.16005646136010374	0.6916290410654845	0.1483144975744117
10943	0.06780741704220629	0.5970641134620237	0.33512846949576997
10944	0.22834521283935505	0.7001883231705158	0.07146646399012903
10945	0.17525621171982697	0.7166431110422202	0.10810067723795287
10946	0.18082113508534073	0.7196632030766515	0.09951566183800777
10947	0.046702556088731195	0.5377761941936354	0.41552124971763355
10948	0.20016596366703449	0.387919568826738	0.4119144675062273
10949	0.17572927287566104	0.6469415746336651	0.17732915249067396
10950	0.09462106475876957	0.6829862461959494	0.22239268904528114
10951	0.17642224953239405	0.6620727354060291	0.16150501506157686
10952	0.14950944723759144	0.6489586785432139	0.20153187421919463
10953	0.1445775838027267	0.5952293753171229	0.26019304088015066
10954	0.1387567017971011	0.34074944826256554	0.5204938499403334
10955	0.17524738420244554	0.7080905800305058	0.11666203576704863
10956	0.21222631560822589	0.7287969492472994	0.05897673514447466
10957	0.13907011652971227	0.7415951535450576	0.11933472992523012
10958	0.20290264951313278	0.6749260100096949	0.1221713404771723
10959	0.22641415819656494	0.7000052648723549	0.07358057693107994
10960	0.15407706864301926	0.7564414928187875	0.08948143853819318
10961	0.17081725004930046	0.4046923134529268	0.42449043649777296
10962	0.21548810980041244	0.6988100699768376	0.08570182022275016
10963	0.029901872544323093	0.31229691664442905	0.6578012108112479
10964	0.16089153387454677	0.7135468868736244	0.1255615792518286
10965	0.20697410413334433	0.7230774930373345	0.06994840282932101
10966	0.12750900817261193	0.6876602154801796	0.18483077634720857
10967	0.21836225564550008	0.6865763840938419	0.09506136026065796
10968	0.15892168274136123	0.6794636484577044	0.16161466880093436
10969	0.1324179497155763	0.8061614825350953	0.06142056774932822
10970	0.12664506947426107	0.8071448953263566	0.06621003519938257
10971	0.16259790826185616	0.7144271421951541	0.12297494954298957
10972	0.06661833548200868	0.696077859072744	0.2373038054452472
10973	0.09185829198216526	0.5213282045635095	0.3868135034543253
10974	0.08464309699890943	0.5264935231464062	0.3888633798546846
10975	0.12435656585701978	0.6745834960494567	0.20105993809352368
10976	0.07249593270840829	0.3272644980934265	0.6002395691981653
10977	0.2565978724506401	0.7084682084556532	0.03493391909370667
10978	0.09634257431323223	0.6712489045405372	0.2324085211462306
10979	0.1669396320317326	0.6456851066182876	0.1873752613499799
10980	0.03563468351352217	0.2185563172756004	0.7458089992108773
10981	0.0918669960174219	0.6643462514549198	0.2437867525276583
10982	0.08498773647200417	0.8459842819636328	0.0690279815643629
10983	0.1582877276713007	0.7627674304972971	0.078944841831402
10984	0.10791487477781865	0.7403398178088961	0.15174530741328507
10985	0.04531147800664717	0.6435805122792574	0.3111080097140951
10986	0.021979755602650176	0.5460197820590368	0.432000462338313
10987	0.08533379614674699	0.42227960320753966	0.4923866006457135
10988	0.15643413477009038	0.6834042549322359	0.16016161029767378
10989	0.1266409010298631	0.7045915752066897	0.16876752376344697
10990	0.1357129792664014	0.67805217767699	0.1862348430566088
10991	0.1229454111701836	0.7010762089523187	0.17597837987749784
10992	0.10043299106316504	0.7571324170535032	0.14243459188333182
10993	0.1607430940770051	0.7358273876652713	0.10342951825772358
10994	0.17417456738214224	0.7297452996374578	0.09608013298039987
10995	0.05824822111049225	0.2232902908643404	0.7184614880251673
10996	0.2660530377776764	0.6507643894290164	0.08318257279330721
10997	0.26580845326799013	0.6504735050288585	0.08371804170315125
10998	0.1890981956968089	0.6763451383117544	0.13455666599143673
10999	0.1890981956968089	0.6763451383117544	0.13455666599143673
11000	0.21215342170916834	0.6781940556160002	0.10965252267483128
11001	0.2254674563265867	0.7133787345465294	0.06115380912688379
11002	0.09381966286314962	0.792246284504035	0.11393405263281518
11003	0.16224868835963913	0.7126804755866417	0.12507083605371935
11004	0.18236017067765353	0.5912392316014522	0.22640059772089438
11005	0.18236017067765353	0.5912392316014522	0.22640059772089438
11006	0.10615570850067106	0.785060023967502	0.10878426753182728
11007	0.18848087863870164	0.6927833308946717	0.11873579046662656
11008	0.19086163254138283	0.688426637586842	0.12071172987177521
11009	0.1488684466478567	0.6778194189960935	0.17331213435604984
11010	0.13652399051537925	0.6532869945945378	0.21018901489008318
11011	0.1957654133686559	0.7350668320584387	0.06916775457290536
11012	0.24440522481048224	0.7048647320456157	0.05073004314390193
11013	0.20783200334035626	0.6967698415088504	0.09539815515079332
11014	0.22861263199599516	0.7087412378532925	0.06264613015071252
11015	0.20297637915202044	0.7238484273294931	0.07317519351848632
11016	0.19512874830386862	0.7268645211194334	0.0780067305766978
11017	0.08128379895579288	0.7095589273270798	0.2091572737171273
11018	0.04703708286152316	0.6024479692626051	0.3505149478758719
11019	0.12517676487617127	0.7412999122734293	0.13352332285039933
11020	0.10050762815626231	0.653321980910863	0.24617039093287457
11021	0.24621174258842918	0.6927806553049501	0.061007602106620464
11022	0.24895666689348475	0.6950522691524716	0.05599106395404382
11023	0.1840032478855831	0.6935348845768241	0.12246186753759271
11024	0.2162030672610906	0.6009067132450265	0.1828902194938831
11025	0.16082235791126218	0.7343266575871005	0.10485098450163718
11026	0.02954071634864859	0.22906333031229303	0.7413959533390583
11027	0.07074129558789377	0.794296904362487	0.13496180004961905
11028	0.1926581837624886	0.6171097483603766	0.1902320678771349
11029	0.16517295091836942	0.6909742663074424	0.143852782774188
11030	0.2191667059060018	0.7091819345882349	0.07165135950576369
11031	0.12106023920268508	0.7387210334768217	0.14021872732049326
11032	0.21156705516911298	0.7502417577158398	0.03819118711504731
11033	0.22560069694646204	0.6865878308499367	0.08781147220360105
11034	0.1297067616029622	0.5322921388081859	0.33800109958885194
11035	0.027882368273428212	0.41326999763796746	0.5588476340886043
11036	0.054465673485869885	0.5861204836597267	0.3594138428544033
11037	0.054465673485869885	0.5861204836597267	0.3594138428544033
11038	0.027882368273428212	0.41326999763796746	0.5588476340886043
11039	0.11149754373422685	0.6960295505197108	0.19247290574606218
11040	0.11488617351571759	0.7028445183318474	0.1822693081524349
11041	0.11236143343907914	0.6194484623758618	0.26819010418505906
11042	0.24023656389460155	0.7249864606927339	0.03477697541266457
11043	0.08745818322254852	0.7085464327892523	0.2039953839881993
11044	0.1315457874364816	0.5639845320093454	0.3044696805541731
11045	0.11738432320180651	0.7049602836286064	0.17765539316958706
11046	0.07916321391790333	0.6678180133892302	0.2530187726928665
11047	0.11430791268354648	0.6851213761761429	0.20057071114031053
11048	0.147785932661648	0.7170162618741619	0.13519780546419025
11049	0.20507111279470686	0.7456305606925157	0.049298326512777345
11050	0.18124711708029007	0.746001898917714	0.07275098400199599
11051	0.2577653797383345	0.7009657162355368	0.04126890402612853
11052	0.2712902955268107	0.666124591780912	0.06258511269227723
11053	0.1910822423770171	0.4764782312706452	0.3324395263523375
11054	0.17294351038520617	0.7638132673096184	0.06324322230517526
11055	0.0874101480732014	0.818956040396087	0.09363381153071157
11056	0.1559999100185393	0.7501482428297194	0.09385184715174115
11057	0.18070047776345666	0.7685142776805708	0.05078524455597239
11058	0.20257548142058704	0.7151841672458219	0.08224035133359132
11059	0.21536543030943922	0.6780756882415664	0.10655888144899434
11060	0.12855822838744085	0.6907572627340673	0.18068450887849172
11061	0.19205842356241237	0.7111361408951337	0.09680543554245388
11062	0.18502230673867545	0.6157765322973725	0.19920116096395207
11063	0.1685066771454092	0.7006012491020119	0.13089207375257905
11064	0.2277350949867217	0.6839582222059963	0.08830668280728202
11065	0.14314442975644828	0.7239987914358522	0.1328567788076995
11066	0.21478266371865673	0.7262297707413595	0.05898756553998356
11067	0.17257306648971227	0.7427689530422933	0.08465798046799455
11068	0.1062888737788205	0.7766168625056015	0.11709426371557775
11069	0.1806884851365484	0.7278301462213715	0.09148136864207987
11070	0.12546180687794917	0.6919114952110815	0.18262669791096928
11071	0.02845469679411755	0.31894907744060136	0.6525962257652813
11072	0.10487716094380355	0.6888620736922111	0.2062607653639852
11073	0.12306669416400172	0.605775136970114	0.2711581688658843
11074	0.1127741544502609	0.790004091708653	0.097221753841086
11075	0.11272372004445408	0.6988262648709508	0.18845001508459538
11076	0.1762902551028901	0.7182750890595838	0.10543465583752634
11077	0.22054679261156748	0.6939985796037383	0.085454627784694
11078	0.1857558826653585	0.6461548742916773	0.1680892430429641
11079	0.19093635964541875	0.7202109126822304	0.08885272767235072
11080	0.20196052208619228	0.6723880229062872	0.12565145500752053
11081	0.08241646604741924	0.7069059576775408	0.21067757627504008
11082	0.19437942549909737	0.6638463040955466	0.14177427040535615
11083	0.1831614948506428	0.7382192367031697	0.07861926844618759
11084	0.1780223381247346	0.7359438502700594	0.08603381160520618
11085	0.08449360705415244	0.7046878533849364	0.21081853956091107
11086	0.20108702460459335	0.736017873661027	0.06289510173437984
11087	0.17687106958665505	0.6798047705437209	0.14332415986962463
11088	0.21899189592094187	0.40474494012980206	0.37626316394925624
11089	0.21328305596496944	0.7054280716714816	0.0812888723635488
11090	0.15121323043147264	0.6710066584776159	0.1777801110909115
11091	0.23695539117895498	0.6195683755042162	0.14347623331682854
11092	0.12797705188871195	0.7103813671633695	0.16164158094791836
11093	0.17785162024101148	0.6950963942627538	0.12705198549623486
11094	0.06816531495789242	0.16446972235259016	0.7673649626895173
11095	0.12989199898387752	0.6855127988764638	0.18459520213965877
11096	0.17362146063999043	0.6950600402033064	0.1313184991567033
11097	0.01191928020641574	0.145382419189424	0.8426983006041603
11098	0.0513219903036541	0.5915834224205561	0.35709458727578997
11099	0.1051148441412614	0.8298212888275869	0.06506386703115154
11100	0.21606948589232702	0.5798352624304292	0.20409525167724385
11101	0.08761266474470973	0.6270010369261604	0.28538629832912954
11102	0.1601730928747832	0.7652264321850409	0.07460047494017569
11103	0.157177049524513	0.6191664025517347	0.2236565479237526
11104	0.157177049524513	0.6191664025517347	0.2236565479237526
11105	0.12618423069792864	0.6799620899667278	0.19385367933534325
11106	0.16541254406193986	0.6594420732725352	0.175145382665525
11107	0.17430132111618601	0.6956045065244295	0.13009417235938425
11108	0.19237194422553816	0.7077406301514201	0.09988742562304154
11109	0.10041874978349839	0.7209604424471749	0.17862080776932643
11110	0.06889977884837467	0.6737872891064707	0.2573129320451548
11111	0.18763978142835136	0.666547966102337	0.1458122524693116
11112	0.15832970095964044	0.7773752679557986	0.0642950310845609
11113	0.18146699408535635	0.7697945402988748	0.04873846561576911
11114	0.1676969195163873	0.745495856220806	0.0868072242628064
11115	0.1822959998024448	0.7461041248737327	0.07159987532382246
11116	0.22969446855176467	0.6504684543907618	0.11983707705747346
11117	0.2792814318693855	0.615333123590796	0.10538544453981856
11118	0.10825248670798539	0.5554207042797951	0.33632680901221934
11119	0.16023532964077938	0.6243187184978053	0.21544595186141519
11120	0.18924877560593048	0.7165176862512763	0.09423353814279316
11121	0.21392612501711988	0.6451787997163433	0.1408950752665367
11122	0.12133639415711966	0.7733973151583206	0.10526629068455981
11123	0.05902293525384625	0.7800922799102686	0.1608847848358851
11124	0.21098472454077993	0.680197464626591	0.10881781083262902
11125	0.15513234791441996	0.7637471469340116	0.08112050515156863
11126	0.16618007050932673	0.7498981438118532	0.08392178567882043
11127	0.07129889374076855	0.5434776668760224	0.38522343938320924
11128	0.1983020152535058	0.6263898741989941	0.1753081105475003
11129	0.2483390976893374	0.7133266777950855	0.03833422451557723
11130	0.08593220598097724	0.7198804900303319	0.19418730398869077
11131	0.13393270852577166	0.7221860304814571	0.14388126099277138
11132	0.16655004924804662	0.6513333154394954	0.18211663531245773
11133	0.08092137711657006	0.4824532604749836	0.4366253624084459
11134	0.14830214542157014	0.7557999973452421	0.09589785723318768
11135	0.11822761932890344	0.7151932635220594	0.1665791171490374
11136	0.03184851264325303	0.46764351302671064	0.5005079743300361
11137	0.21498951912893643	0.6699913941717008	0.11501908669936282
11138	0.047291409543437225	0.49159591168296296	0.4611126787736
11139	0.08600760783855677	0.8375674318465731	0.07642496031486995
11140	0.17927200237665666	0.6627376968930947	0.15799030073024867
11141	0.10299739542031323	0.7282225254711316	0.1687800791085554
11142	0.19331430746420622	0.7248103483346365	0.08187534420115705
11143	0.16516386709682004	0.6538064902077978	0.18102964269538221
11144	0.0843534107903302	0.7634608121271286	0.1521857770825414
11145	0.15021436606549082	0.648020742578175	0.20176489135633408
11146	0.15189288058017997	0.6454095154806868	0.20269760393913308
11147	0.2086850936763627	0.6582101593903804	0.1331047469332567
11148	0.19820232859867914	0.6605233107283279	0.14127436067299307
11149	0.24926213455468343	0.7291789959049217	0.021558869540394803
11150	0.2136171641141711	0.7114263416835581	0.0749564942022706
11151	0.22038024620762098	0.6951182305247263	0.08450152326765276
11152	0.1848608983341621	0.7314969462634711	0.08364215540236697
11153	0.22365554265962848	0.3983998155634869	0.3779446417768847
11154	0.16411978210625427	0.7084989590546004	0.1273812588391455
11155	0.04032485012817835	0.26172420893374954	0.697950940938072
11156	0.03368600766456789	0.3366568850758439	0.629657107259588
11157	0.08726853997571056	0.8287157850375315	0.0840156749867579
11158	0.013068197700293861	0.2396467140671006	0.7472850882326053
11159	0.05395413913841692	0.7117987352045592	0.23424712565702396
11160	0.15129457457311915	0.605699163478433	0.24300626194844752
11161	0.12471256309076358	0.35782859815929924	0.5174588387499371
11162	0.17785390077444396	0.7062373719444761	0.11590872728108005
11163	0.15359712669800826	0.6830379333181343	0.16336493998385726
11164	0.27727727911659333	0.6742701941054967	0.048452526777909774
11165	0.1878611965529732	0.7149652609436292	0.09717354250339749
11166	0.23306914583976024	0.3749527738770895	0.39197808028315034
11167	0.21104458909116627	0.7009311559541733	0.0880242549546607
11168	0.1973647094604922	0.7183385170712087	0.08429677346829921
11169	0.202145650268537	0.6220944322491986	0.17575991748226427
11170	0.1407834311255177	0.751275371057699	0.10794119781678332
11171	0.1779151774608532	0.7393156382572431	0.08276918428190383
11172	0.1410394407188905	0.724646168140138	0.13431439114097185
11173	0.1552630673614825	0.8140219137628179	0.030715018875699607
11174	0.16626859446174938	0.6540788020496411	0.1796526034886094
11175	0.1457462009653497	0.6787330979838433	0.17552070105080705
11176	0.12694904291927078	0.6864081431582941	0.18664281392243526
11177	0.22955240030445676	0.6543732736687289	0.11607432602681426
11178	0.14941445876588239	0.6681016050228116	0.18248393621130596
11179	0.10702540682805124	0.7959297539427923	0.09704483922915631
11180	0.19069262545293167	0.7039931980915171	0.10531417645555083
11181	0.059910129956228644	0.7394758642614989	0.2006140057822722
11182	0.1762762791151346	0.6477668199514279	0.17595690093343735
11183	0.09742127597449053	0.25271791085322287	0.6498608131722865
11184	0.12859760184513516	0.6913448632102775	0.18005753494458698
11185	0.07178005167527847	0.6811519613668195	0.2470679869579018
11186	0.07178005167527847	0.6811519613668195	0.2470679869579018
11187	0.20048010717846476	0.6685145728028158	0.1310053200187191
11188	0.19279326255957532	0.6652720577592938	0.14193467968113097
11189	0.1794224938298721	0.7615724882289043	0.05900501794122356
11190	0.15410937548530015	0.7103846602869681	0.13550596422773178
11191	0.0722558333617177	0.5666970249084146	0.36104714172986735
11192	0.18784523053952287	0.7618198557007758	0.05033491375970119
11193	0.0958033797428558	0.6382620128362788	0.2659346074208652
11194	0.20097573470430993	0.7163740971943331	0.08265016810135707
11195	0.15623208792184617	0.7065680547270822	0.1371998573510718
11196	0.13109226213526531	0.7005426906861348	0.16836504717859968
11197	0.10582596533859133	0.6261274773523343	0.26804655730907434
11198	0.20037117100054552	0.7045350340235282	0.09509379497592606
11199	0.1946519646598406	0.7205479895288475	0.08480004581131174
11200	0.07693952898140674	0.5764027469958487	0.3466577240227444
11201	0.10216960353758485	0.6906793730220857	0.20715102344032973
11202	0.19498580987259104	0.7436201198311578	0.061394070296251234
11203	0.0900084257788732	0.7662077147962698	0.14378385942485694
11204	0.14471742356976872	0.7502364587048732	0.10504611772535805
11205	0.18321499330232013	0.7390344361149731	0.07775057058270682
11206	0.18321499330232013	0.7390344361149731	0.07775057058270682
11207	0.10703037826760624	0.7558916024491253	0.13707801928326854
11208	0.10440002475358598	0.6575456493979819	0.23805432584843225
11209	0.07169613849400851	0.6346502827023079	0.29365357880368337
11210	0.17968572392009674	0.7251945015078788	0.0951197745720243
11211	0.08570777136191347	0.7347181046103693	0.17957412402771716
11212	0.1751478679301955	0.5595657838882411	0.26528634818156316
11213	0.14179736412449623	0.6808997225662022	0.17730291330930129
11214	0.1430979879413699	0.33320669323694885	0.5236953188216813
11215	0.19642264397804382	0.6828052339315294	0.12077212209042686
11216	0.18189745733014018	0.715114025837832	0.10298851683202782
11217	0.19501510199858998	0.7239698367814847	0.08101506121992529
11218	0.22513285515116682	0.7102051040844678	0.06466204076436532
11219	0.11218917543828728	0.7071570638138766	0.18065376074783596
11220	0.16339415739652383	0.7461611263066669	0.09044471629680921
11221	0.1856963339454336	0.7255674094775968	0.08873625657696937
11222	0.21268553593284992	0.7184971048722585	0.06881735919489158
11223	0.07103535911562714	0.7043472902328342	0.2246173506515387
11224	0.10953573443113086	0.641931009286344	0.24853325628252526
11225	0.2005617365423658	0.730155245275785	0.0692830181818491
11226	0.22458627805874962	0.7213046736200797	0.05410904832117068
11227	0.02786008566080206	0.3970477397736223	0.5750921745655756
11228	0.2043367612208347	0.7271027135207142	0.06856052525845094
11229	0.12361900123709396	0.6709091393105355	0.20547185945237045
11230	0.16783622315403943	0.7559340961732167	0.07622968067274404
11231	0.1420635818998159	0.6827174765789006	0.17521894152128328
11232	0.21534569197053802	0.7285422974346496	0.0561120105948124
11233	0.19192215702647608	0.7025597979918721	0.10551804498165197
11234	0.17778037511094688	0.5119821248457003	0.3102375000433534
11235	0.1750545594567565	0.6506745344910912	0.17427090605215223
11236	0.13785784407967996	0.7941225671334364	0.06801958878688386
11237	0.18824366794584055	0.7065250877077717	0.10523124434638773
11238	0.11869977286217198	0.28572421013678945	0.5955760170010382
11239	0.14547034581147167	0.6998948257760789	0.15463482841244955
11240	0.09632666052212752	0.6828855616892394	0.22078777778863287
11241	0.15832948619912138	0.6378248964291381	0.20384561737174064
11242	0.15832948619912138	0.6378248964291381	0.20384561737174064
11243	0.13587170603700832	0.5183698838517226	0.34575841011126907
11244	0.10185557161630855	0.8026115290535187	0.0955328993301728
11245	0.08516073113203022	0.7311206992977214	0.18371856957024854
11246	0.09149055861812544	0.7271595497531801	0.18134989162869458
11247	0.17100202350896102	0.7255387799244578	0.10345919656658127
11248	0.07237315101847551	0.5045417851179737	0.4230850638635509
11249	0.11950524207584097	0.8102218106028902	0.070272947321269
11250	0.10566139248049204	0.6097523877529378	0.28458621976657
11251	0.2180441578713268	0.6980587896756449	0.08389705245302786
11252	0.20539534759838352	0.7485442583022164	0.04606039409940009
11253	0.2870624757497533	0.6634791877325851	0.0494583365176617
11254	0.15433232821129594	0.7970717962849145	0.048595875503789875
11255	0.20750633449979752	0.7038838874624372	0.08860977803776526
11256	0.22821809886090533	0.7254248938917949	0.04635700724729979
11257	0.20262878775191281	0.7262080449912353	0.07116316725685189
11258	0.1610405578056054	0.61497132923719	0.22398811295720433
11259	0.1311227717257121	0.7895718237992236	0.07930540447506418
11260	0.24136610817579096	0.6946797865750558	0.06395410524915326
11261	0.24032684472592925	0.6796644804301706	0.08000867484389992
11262	0.1552053280359611	0.6149226881327479	0.22987198383129073
11263	0.14171745315318127	0.6191750577855997	0.23910748906121898
11264	0.1171272668327672	0.7945030015359019	0.08836973163133108
11265	0.21705359474782218	0.6971849230651727	0.0857614821870053
11266	0.10839121933761797	0.7827672278510374	0.10884155281134485
11267	0.19437652549946288	0.5813027238659941	0.22432075063454301
11268	0.183077304050265	0.5758475294127943	0.24107516653694047
11269	0.1726118557801488	0.7514809881325377	0.07590715608731345
11270	0.16197797533204145	0.4298212046625297	0.40820082000542895
11271	0.2079898479295314	0.712044631589782	0.07996552048068631
11272	0.1812497605847725	0.7340420242919511	0.08470821512327656
11273	0.14426631462331171	0.7282368024886468	0.1274968828880414
11274	0.1458257605898658	0.39532500269480864	0.45884923671532557
11275	0.19373011104052523	0.7109863678458862	0.09528352111358827
11276	0.14148607977387948	0.7551721010354603	0.10334181919066045
11277	0.16436129759093618	0.7388988684694835	0.09673983393958008
11278	0.1826962145377439	0.6695351344239033	0.1477686510383528
11279	0.18724487944272128	0.6965772364816337	0.11617788407564507
11280	0.2237797274127636	0.7017752719840151	0.07444500060322108
11281	0.21030828464343945	0.735299620901297	0.05439209445526347
11282	0.1312226980635796	0.7763290571492341	0.09244824478718627
11283	0.15101450594500906	0.7628942659545741	0.0860912281004171
11284	0.11814416448440053	0.6886213678746577	0.19323446764094188
11285	0.22468584150911516	0.695142254799484	0.08017190369140104
11286	0.2730954105661395	0.6563136079220266	0.07059098151183399
11287	0.1518678139760655	0.6793343608154333	0.1687978252085013
11288	0.16380411134728545	0.6752539122236676	0.16094197642904723
11289	0.1385675640711626	0.731213342994484	0.13021909293435358
11290	0.018148535517204765	0.32849207683495296	0.6533593876478423
11291	0.19594010094310343	0.6889496211687794	0.11511027788811733
11292	0.19180715283783398	0.7049967088547477	0.10319613830741817
11293	0.2319143574693684	0.7031705468213938	0.06491509570923809
11294	0.1550605660670958	0.7834277591411687	0.06151167479173546
11295	0.1589254303753996	0.7262582907396308	0.11481627888496969
11296	0.0661975325865746	0.7940134554147942	0.13978901199863125
11297	0.11163233109175508	0.7401376023745995	0.14823006653364518
11298	0.11504208558309448	0.7354342421286836	0.1495236722882221
11299	0.06885983345904807	0.7899901981787497	0.14114996836220228
11300	0.12372117290889705	0.7383466295354961	0.13793219755560687
11301	0.12033215492078991	0.2545044799621777	0.6251633651170329
11302	0.1625858468073823	0.7700951487479575	0.06731900444465984
11303	0.1727534408717104	0.7618938788905242	0.06535268023776553
11304	0.09920995640923003	0.6132316311677887	0.287558412422981
11305	0.14104337118377033	0.6540909462053272	0.20486568261090254
11306	0.14865972610093395	0.749632146888386	0.1017081270106804
11307	0.24327256979979467	0.6768072817066436	0.07992014849356144
11308	0.1543312035067498	0.6980892076584867	0.14757958883476327
11309	0.15658490271603578	0.6929872469581917	0.15042785032577247
11310	0.12433562304592405	0.48562174568544264	0.3900426312686331
11311	0.17623238668657945	0.7487950346061447	0.07497257870727576
11312	0.12180253182837812	0.7639875783107136	0.11420988986090819
11313	0.16882977616646158	0.7507187113949174	0.08045151243862098
11314	0.12721198435868408	0.8128858775600087	0.05990213808130707
11315	0.21253306995003612	0.7366178208245995	0.05084910922536434
11316	0.19406082951744716	0.7247789803918108	0.08116019009074185
11317	0.14946205804311719	0.731491491785266	0.11904645017161701
11318	0.20974699893220575	0.6525461027942802	0.1377068982735139
11319	0.2066979909502683	0.6415332545865712	0.15176875446316035
11320	0.13230836204985316	0.7276437099796009	0.14004792797054577
11321	0.1320121199022872	0.7289738931250351	0.13901398697267767
11322	0.056687786843733955	0.8468412840337131	0.09647092912255324
11323	0.10474759265441616	0.787425633721205	0.10782677362437892
11324	0.2177496866703176	0.7238337456914251	0.05841656763825732
11325	0.21286156184068705	0.7361848049722611	0.05095363318705191
11326	0.17823269316520957	0.7630821808297307	0.05868512600505966
11327	0.16252324345848504	0.6698537756586314	0.1676229808828833
11328	0.20253360890527852	0.7332293443246407	0.06423704677008124
11329	0.11315841782013099	0.17288614741440234	0.7139554347654665
11330	0.1558826445874008	0.6764072077766475	0.16771014763595163
11331	0.18302003784412296	0.7101382131519669	0.10684174900390983
11332	0.1928739017664377	0.7063728253450947	0.10075327288846765
11333	0.1723630239396888	0.7530282781620974	0.07460869789821391
11334	0.12772696784024679	0.7971610455140685	0.07511198664568444
11335	0.017279092416558242	0.493687633084148	0.48903327449929385
11336	0.21788704297419817	0.7005696199265489	0.081543337099253
11337	0.17614363235170544	0.7093024957540419	0.11455387189425267
11338	0.20776203492926695	0.6981238999804512	0.09411406509028156
11339	0.23291286843225015	0.699161507288178	0.06792562427957169
11340	0.23309947562178734	0.6915909940038097	0.07530953037440317
11341	0.18780378789534014	0.7509908152594077	0.06120539684525219
11342	0.09581860648475153	0.7271159652740217	0.17706542824122654
11343	0.09581860648475153	0.7271159652740217	0.17706542824122654
11344	0.22226414236425088	0.5171265214024148	0.2606093362333344
11345	0.2120278831209941	0.6401858305272833	0.14778628635172253
11346	0.11900994168755334	0.7461819942616688	0.134808064050778
11347	0.2533610283599581	0.6830402827379447	0.06359868890209723
11348	0.2614666456201901	0.6700931033401809	0.06844025103962877
11349	0.18580730971610035	0.7213640617423521	0.0928286285415473
11350	0.23122286843349119	0.7148238785090014	0.05395325305750724
11351	0.03449542107499744	0.20714155821764837	0.7583630207073543
11352	0.0917445132828175	0.576473490178349	0.3317819965388333
11353	0.08012379142699019	0.7787096095222339	0.14116659905077583
11354	0.08748626516445372	0.7464370291555944	0.16607670567995142
11355	0.07506042813602226	0.7181574110933732	0.2067821607706046
11356	0.08100911698366159	0.7125220081939289	0.20646887482240947
11357	0.13418254806383811	0.743829491210106	0.12198796072605574
11358	0.10223117908021538	0.6458957558426204	0.25187306507716417
11359	0.1638152902889909	0.6861056355329554	0.15007907417805352
11360	0.12859760184513516	0.6913448632102775	0.18005753494458698
11361	0.2461833437119505	0.7042167616001215	0.04959989468792803
11362	0.16752159478689996	0.7545087542206669	0.0779696509924332
11363	0.20855565929490502	0.6907681347304969	0.10067620597459782
11364	0.10201559173087299	0.5712403443556708	0.3267440639134564
11365	0.15814736100574178	0.7261850934433852	0.11566754555087316
11366	0.15685447529149493	0.7073026319164455	0.13584289279205952
11367	0.15351880552469013	0.7132902742009586	0.13319092027435128
11368	0.09037877884503165	0.6758947108655384	0.23372651028942976
11369	0.17379484808627632	0.7545291353197374	0.07167601659398612
11370	0.2274256092774422	0.7035214450139152	0.06905294570864254
11371	0.1771926188665267	0.7483656106656855	0.07444177046778765
11372	0.20094190299989417	0.7450399549517158	0.05401814204838977
11373	0.09165975914021876	0.813916963397104	0.09442327746267726
11374	0.10598186837179736	0.6136581639607968	0.280359967667406
11375	0.17465842352696526	0.6352724822996096	0.19006909417342516
11376	0.06290371429842592	0.6094944380879497	0.3276018476136246
11377	0.10242500171708463	0.6811226955510519	0.21645230273186347
11378	0.19615088551760296	0.6315946704618566	0.17225444402054063
11379	0.13238963727163636	0.6979450071096368	0.16966535561872664
11380	0.1787667087700233	0.7333446510540036	0.08788864017597318
11381	0.11886086896762735	0.6975181823986529	0.18362094863371992
11382	0.18118797096080708	0.6875107457495022	0.1313012832896905
11383	0.0761676089448355	0.7451311900321659	0.17870120102299877
11384	0.1667523050474633	0.7333777965782444	0.09986989837429218
11385	0.12213362180372633	0.8283479925223252	0.04951838567394868
11386	0.18871728780622923	0.7451251026317565	0.06615760956201393
11387	0.05736349172172609	0.6743837110995478	0.268252797178726
11388	0.19051789278568726	0.7156840170162522	0.09379809019806061
11389	0.10493806383724352	0.8096820482606057	0.08537988790215065
11390	0.1708006345707245	0.7293849339757335	0.09981443145354196
11391	0.11251370861438004	0.7066313844509425	0.1808549069346773
11392	0.07358626077137503	0.6688348688193285	0.25757887040929645
11393	0.2333087989751657	0.5181322035593801	0.248558997465454
11394	0.20162469239090358	0.704855128354257	0.09352017925483941
11395	0.18720703708777958	0.7178142297065473	0.09497873320567327
11396	0.10837885596448316	0.7764598280525916	0.11516131598292502
11397	0.10585302676980028	0.76628135990561	0.12786561332458998
11398	0.17500469574411612	0.7395669493765348	0.08542835487934872
11399	0.06565541807623007	0.8204118440783471	0.11393273784542271
11400	0.16858275598710748	0.7045784171939184	0.126838826818974
11401	0.19682662472038107	0.681330254532819	0.12184312074679995
11402	0.18019923110558375	0.3242580406777465	0.4955427282166696
11403	0.182853583587375	0.6972716968063161	0.11987471960630872
11404	0.14047184152637468	0.6250795869702698	0.2344485715033561
11405	0.15262368263624967	0.7201940056325071	0.127182311731243
11406	0.23291286843225015	0.699161507288178	0.06792562427957169
11407	0.1900017688653672	0.7251371167499402	0.08486111438469267
11408	0.1948841616934949	0.7098101358097173	0.09530570249678742
11409	0.10062793426554467	0.6555737584489184	0.24379830728553686
11410	0.24536929801879467	0.6387307067807443	0.11589999520046146
11411	0.20409550134850024	0.6787066945214614	0.11719780413003834
11412	0.20843588079975453	0.6613487025138982	0.13021541668634726
11413	0.08294312456107487	0.6196782575124057	0.2973786179265195
11414	0.18495179536506978	0.6835027067613609	0.13154549787356914
11415	0.05903122144997913	0.6013891957531482	0.3395795827968727
11416	0.21817447312382193	0.7007626504906845	0.08106287638549362
11417	0.10110163258951106	0.6756208430978844	0.22327752431260423
11418	0.19380016614060733	0.7089018268642482	0.09729800699514418
11419	0.11416437070530598	0.8006141881462417	0.0852214411484522
11420	0.22744193943165666	0.7303110829054589	0.042246977662884544
11421	0.04402784202453425	0.3135837445110425	0.6423884134644233
11422	0.08236066997279817	0.7361889258020157	0.18145040422518627
11423	0.22592307613106882	0.6890553310635527	0.0850215928053786
11424	0.22592307613106882	0.6890553310635527	0.0850215928053786
11425	0.131414551874131	0.7051383236086802	0.16344712451718868
11426	0.18602758487105175	0.6868352803947051	0.12713713473424323
11427	0.17738893127943314	0.7280949828181074	0.09451608590245937
11428	0.22250617378848428	0.6527466080633626	0.12474721814815327
11429	0.10527536038552159	0.2576497196194709	0.6370749199950076
11430	0.17597879259897983	0.7024661134989055	0.12155509390211446
11431	0.11806004462211503	0.6912297058201007	0.19071024955778426
11432	0.1809589291867731	0.6815148508262101	0.1375262199870166
11433	0.21928528510373754	0.7255334735097575	0.055181241386505334
11434	0.138879774714878	0.7298401159392061	0.13128010934591577
11435	0.17404494750237554	0.7173043513478067	0.10865070114981779
11436	0.07815136948141559	0.6785504576821468	0.2432981728364376
11437	0.025822499654951894	0.2258180810469579	0.7483594192980901
11438	0.10342659357822065	0.7873287940396022	0.10924461238217724
11439	0.056402218569022326	0.21715223789418175	0.7264455435367959
11440	0.09199481048800127	0.6904622396825802	0.21754294982941857
11441	0.10182842518026448	0.39753624758655975	0.5006353272331756
11442	0.1156821393035501	0.7790104371169555	0.10530742357949459
11443	0.15142592344760764	0.7782665091229121	0.07030756742948044
11444	0.22144159421502907	0.7018729503403749	0.07668545544459596
11445	0.12859760184513516	0.6913448632102775	0.18005753494458698
11446	0.14795939203218608	0.669357793849767	0.18268281411804696
11447	0.1931940378245156	0.7060981080421878	0.10070785413329646
11448	0.11678245834542722	0.7577021360179539	0.12551540563661906
11449	0.1559939107294964	0.366376757881186	0.47762933138931746
11450	0.21236026859132184	0.6835400838318456	0.1040996475768329
11451	0.09224207032062533	0.6843021116024921	0.22345581807688253
11452	0.17404681795817256	0.7001266500460082	0.12582653199581928
11453	0.07982670297063721	0.661704378851122	0.2584689181782407
11454	0.14409005251297957	0.6383104839575533	0.21759946352946719
11455	0.12279800828846224	0.625381965168075	0.2518200265434628
11456	0.26918457409209123	0.6566906634078825	0.0741247625000261
11457	0.07190921906478112	0.5351451772505925	0.39294560368462667
11458	0.0687193856893137	0.7241211818448696	0.20715943246581647
11459	0.14400400374317832	0.4843211958339873	0.37167480042283435
11460	0.15404860320958969	0.599077279676297	0.2468741171141135
11461	0.17408689884380152	0.7578140212944074	0.06809907986179121
11462	0.19031877852524046	0.7215106588373051	0.08817056263745465
11463	0.15301561042690598	0.7500192098130816	0.09696517976001234
11464	0.15379491500404463	0.6248892722378362	0.22131581275811904
11465	0.10099148553694387	0.7426258422625083	0.15638267220054788
11466	0.22952879865130194	0.678423710439224	0.09204749090947412
11467	0.2481176448011755	0.6901632848971161	0.06171907030170825
11468	0.18183129407420837	0.7456860131306972	0.07248269279509435
11469	0.24226386780101825	0.6982811791189288	0.059454953080052955
11470	0.12994757242235994	0.687302207125674	0.18275022045196598
11471	0.19390060239907897	0.7081311645272448	0.09796823307367639
11472	0.05053310225583132	0.6692338208444822	0.28023307689968646
11473	0.09325298686114536	0.7494168287299348	0.1573301844089197
11474	0.1568003083267053	0.7396188646978703	0.10358082697542446
11475	0.1568003083267053	0.7396188646978703	0.10358082697542446
11476	0.17762827833031844	0.7734526584491717	0.04891906322050978
11477	0.13718381719357364	0.5860522003816092	0.27676398242481737
11478	0.12707518424072983	0.739694984229287	0.13322983152998308
11479	0.1315060308358724	0.8010580740535916	0.06743589511053584
11480	0.24331601280638446	0.6964127005986044	0.06027128659501113
11481	0.11013432893155183	0.8232365369025858	0.06662913416586229
11482	0.20559497054209372	0.7199415386080087	0.07446349084989748
11483	0.19625897401417647	0.7140292683491013	0.0897117576367223
11484	0.20354175604041444	0.7506362768704635	0.04582196708912196
11485	0.09677495845939432	0.6661053837842053	0.23711965775640031
11486	0.18110790370511937	0.7300467141615862	0.08884538213329442
11487	0.06827051599101244	0.6040141550173327	0.3277153289916548
11488	0.10471497397668443	0.7118630824722418	0.18342194355107364
11489	0.20595160776320082	0.72801859958331	0.06602979265348913
11490	0.09834590995292633	0.6746995193565304	0.22695457069054334
11491	0.1446999655476565	0.6936712179248571	0.1616288165274863
11492	0.19152899670227364	0.703927313101197	0.10454369019652915
11493	0.1882426870754335	0.7197204279966205	0.09203688492794584
11494	0.13049396240514888	0.6464120442428826	0.2230939933519681
11495	0.1897109002567507	0.6892821490759512	0.12100695066729777
11496	0.15692020447197005	0.7172479648640406	0.12583183066398917
11497	0.1955692118228591	0.7387431235192735	0.06568766465786695
11498	0.02003455991419319	0.42876292264999877	0.5512025174358081
11499	0.04132917790597267	0.5381562149218833	0.42051460717214434
11500	0.1916391810099369	0.7145657220538219	0.09379509693624101
11501	0.03938333533878135	0.51155915080212	0.4490575138590988
11502	0.018330076257633356	0.4014995931023187	0.580170330640048
11503	0.10722542669571712	0.19833392555469476	0.6944406477495881
11504	0.08958898589313664	0.7878667763359349	0.12254423777092846
11505	0.20006161005806686	0.7180499767129274	0.08188841322900586
11506	0.09832821959235365	0.8260604682237679	0.07561131218387805
11507	0.1823768277672767	0.6734486576692497	0.14417451456347394
11508	0.12526489771430818	0.8114756482693262	0.063259454016366
11509	0.1954240900900306	0.7121736069621671	0.09240230294780225
11510	0.19567665115918148	0.7124961676391129	0.0918271812017057
11511	0.06177681127706373	0.7424148603752045	0.19580832834773185
11512	0.11509465562313735	0.6938782520059652	0.19102709237089746
11513	0.19121722190537935	0.7384623384052037	0.07032043968941709
11514	0.054323903847193246	0.48237254079090486	0.46330355536190193
11515	0.1619624436755623	0.678342730250018	0.1596948260744201
11516	0.22111031995278924	0.68566669838503	0.09322298166218088
11517	0.18026300823734093	0.767672417979322	0.052064573783336766
11518	0.15343516196428567	0.7437584025776388	0.10280643545807587
11519	0.1920535016656111	0.7088146812223544	0.09913181711203418
11520	0.17809512739795572	0.712276900865015	0.10962797173702891
11521	0.2264169976985954	0.7051139750728544	0.06846902722855014
11522	0.21206683827806244	0.7435771143544221	0.04435604736751556
11523	0.11047496050829782	0.7502506507817052	0.13927438870999687
11524	0.14294291536755616	0.7589666205523318	0.09809046408011227
11525	0.14116791639860615	0.6967987459280565	0.1620333376733374
11526	0.1375020957624329	0.4495728726486049	0.4129250315889621
11527	0.15369059061771045	0.4053765687000724	0.44093284068221705
11528	0.17597173764936497	0.7263957310012628	0.09763253134937233
11529	0.11130543325796236	0.6638883136264337	0.2248062531156039
11530	0.07432160766310178	0.509020803812138	0.4166575885247603
11531	0.1888285262263408	0.7540103369087323	0.05716113686492652
11532	0.1305979004823658	0.7511889807962594	0.11821311872137462
11533	0.13645843826727594	0.6341563290611388	0.2293852326715849
11534	0.22215337758499207	0.711004970311637	0.06684165210337106
11535	0.06789209912125202	0.6650782017079025	0.26702969917084535
11536	0.157784516255002	0.7523307897764823	0.08988469396851607
11537	0.1760622640719517	0.7409176295836725	0.08302010634437562
11538	0.1864879127426868	0.6536119762423949	0.15990011101491805
11539	0.19211233666753197	0.723777803257351	0.0841098600751168
11540	0.16496370850858882	0.6073865828663747	0.22764970862503642
11541	0.22546136668176572	0.7052989310659589	0.06923970225227523
11542	0.09997156989724801	0.6306224560136177	0.26940597408913425
11543	0.18290623990680732	0.7054277230757823	0.11166603701741029
11544	0.1806273960448678	0.7413785415093787	0.07799406244575355
11545	0.16930773074498384	0.6761585780471547	0.15453369120786165
11546	0.20780707863198267	0.7422198925539394	0.04997302881407769
11547	0.16589490139290103	0.7761906590898279	0.05791443951727107
11548	0.24544116245604586	0.640401108296795	0.11415772924715935
11549	0.017582046280634176	0.14287901039013867	0.8395389433292274
11550	0.05914762502955602	0.728296559750426	0.21255581522001782
11551	0.20104805239102033	0.6953640884421215	0.1035878591668578
11552	0.19805359944263706	0.7396174835643756	0.06232891699298722
11553	0.05508216169772719	0.7763059596894758	0.16861187861279692
11554	0.11876438029081449	0.7136342314329612	0.16760138827622437
11555	0.16467735721948096	0.6195643084408932	0.21575833433962585
11556	0.062023005348161256	0.6869385542076525	0.25103844044418633
11557	0.12071139091663043	0.7094188925967495	0.16986971648661983
11558	0.0662973869192395	0.6982354503939388	0.2354671626868215
11559	0.13081532209185806	0.6804280543035696	0.18875662360457218
11560	0.08474466674232752	0.8160202610436716	0.09923507221400095
