10941	0.1706535511563692	0.6892439836952408	0.14010246514839023
10942	0.271520476282381	0.672708212983882	0.055771310733736534
10943	0.11911552598712757	0.7135979906584349	0.1672864833544372
10944	0.2589739590094225	0.6800790781131395	0.0609469628774379
10945	0.23447832374076263	0.672963929634151	0.09255774662508642
10946	0.24672563196150588	0.6230732785767598	0.1302010894617346
10947	0.10706833715144029	0.6588267727601144	0.23410489008844537
10948	0.19848018770923959	0.5893532353441554	0.21216657694660487
10949	0.21147070599481815	0.6029749216532088	0.18555437235197303
10950	0.25925815341910396	0.6395695233380623	0.10117232324283353
10951	0.11764630915043547	0.743944742851308	0.13840894799825657
10952	0.13545270186605085	0.5220770874292441	0.342470210704705
10953	0.15265188388006745	0.6512269361815357	0.196121179938397
10954	0.06117509320040892	0.4776362204394214	0.46118868636016946
10955	0.1784254661847298	0.6576572993576922	0.16391723445757794
10956	0.2474512172016459	0.6764238031024983	0.07612497969585585
10957	0.19513640634003224	0.7200538998187365	0.08480969384123144
10958	0.20051476701596294	0.6562837383400653	0.14320149464397183
10959	0.366511265790132	0.5964133598866281	0.037075374323240096
10960	0.1561732194027472	0.789678245357735	0.05414853523951772
10961	0.10737328418285177	0.6128240051253493	0.2798027106917988
10962	0.24349286183587499	0.6774823272941429	0.0790248108699824
10963	0.057001119378217044	0.4942527657735383	0.4487461148482447
10964	0.14077908916659343	0.6734544263964247	0.18576648443698188
10965	0.2689609657721046	0.6734821850366837	0.05755684919121178
10966	0.17352513853796295	0.6925706838250649	0.13390417763697182
10967	0.269717823044052	0.6709805212390867	0.05930165571686135
10968	0.16450934216836816	0.7189016035405514	0.11658905429108037
10969	0.1442709287277676	0.7672572863119255	0.08847178496030703
10970	0.1364434591486367	0.7999139709283631	0.0636425699230002
10971	0.18850231774782752	0.545254254537406	0.2662434277147666
10972	0.13010531475903353	0.7419737087134969	0.1279209765274696
10973	0.058150349526799865	0.35696890403370085	0.5848807464394993
10974	0.06972855973979844	0.4864349109516857	0.44383652930851575
10975	0.15994081739724714	0.6420626008107008	0.19799658179205232
10976	0.11727403934117277	0.5968350721911513	0.28589088846767613
10977	0.3238825516202717	0.6258861275357692	0.05023132084395887
10978	0.1066851087868173	0.7491456230933626	0.1441692681198198
10979	0.16460121457462532	0.5669870931627775	0.2684116922625972
10980	0.046031721265435054	0.5409264360119495	0.4130418427226156
10981	0.13581353869595886	0.7148567383359536	0.14932972296808725
10982	0.077315013931464	0.8394897212419283	0.08319526482660773
10983	0.18700149119963178	0.7350490008412659	0.07794950795910205
10984	0.11435668944253984	0.7227388016990022	0.16290450885845814
10985	0.072936136321774	0.4794890691424498	0.4475747945357764
10986	0.026666409410077693	0.23713080809236792	0.7362027824975543
10987	0.1477457909137291	0.576686970358442	0.275567238727829
10988	0.13413802259034951	0.7537305475994681	0.11213142981018237
10989	0.11980459418045487	0.7513246186794997	0.12887078714004563
10990	0.12002441576634401	0.7225023354327225	0.1574732488009334
10991	0.15995251878285963	0.7161467129364281	0.12390076828071218
10992	0.12404018416660897	0.6519869753506214	0.22397284048276936
10993	0.19750976280149385	0.6988908532728981	0.10359938392560808
10994	0.21760390913700486	0.716110234761236	0.06628585610175915
10995	0.0603652797282025	0.4575572839331996	0.48207743633859795
10996	0.2647184879667755	0.6462007153908556	0.08908079664236898
10997	0.3014241576988731	0.608979215063623	0.08959662723750364
10998	0.27083960911084287	0.5989381112247862	0.13022227966437092
10999	0.27083960911084287	0.5989381112247862	0.13022227966437092
11000	0.23056253958718725	0.6963541605986762	0.07308329981413626
11001	0.256075737717591	0.6777805388405709	0.0661437234418379
11002	0.08396021328801476	0.7916424091562783	0.12439737755570679
11003	0.19282253083034637	0.6895358808241634	0.11764158834549007
11004	0.265371446423489	0.5928418507945374	0.14178670278197364
11005	0.265371446423489	0.5928418507945374	0.14178670278197364
11006	0.1703987970662024	0.7512773173352897	0.07832388559850784
11007	0.2379430356722535	0.6880334243722448	0.0740235399555017
11008	0.24113350533415218	0.6833937700700765	0.07547272459577088
11009	0.12231711643338697	0.7588490516196482	0.1188338319469644
11010	0.13326760867313087	0.7247976080959686	0.14193478323090042
11011	0.12478481536243292	0.7565544865851156	0.11866069805245158
11012	0.2425738606012441	0.7054583193081038	0.051967820090652206
11013	0.14351962615254707	0.7205204258656038	0.13595994798184902
11014	0.3202968654322713	0.6316093110300895	0.04809382353763928
11015	0.24733136982477774	0.6847555002611821	0.06791312991404028
11016	0.2373572093881884	0.6910743070635256	0.07156848354828563
11017	0.07513115866093611	0.7502322021783431	0.17463663916072092
11018	0.03879290037614707	0.6977770032063855	0.2634300964174675
11019	0.14510521351514802	0.7309313159037175	0.1239634705811348
11020	0.1688487625769943	0.6772446500768937	0.15390658734611212
11021	0.18419580028864616	0.7160398979855874	0.09976430172576632
11022	0.19651171664152453	0.6614465786473556	0.1420417047111198
11023	0.21627660337802185	0.6911569800417163	0.09256641658026196
11024	0.16783278341915242	0.6104641364470038	0.2217030801338438
11025	0.2105971024222564	0.7114298035095777	0.0779730940681655
11026	0.01754148076095068	0.11807524345725827	0.8643832757817905
11027	0.056718912979603166	0.624081274806479	0.3191998122139179
11028	0.2296235851186134	0.6796927871262529	0.09068362775513364
11029	0.22651458949602074	0.6463263869092791	0.12715902359470005
11030	0.2616600294268913	0.6490064266248886	0.08933354394822007
11031	0.1521975420573921	0.7099264292384228	0.13787602870418497
11032	0.11251827589724947	0.7646889206935346	0.12279280340921601
11033	0.047385752386971625	0.7816208167923644	0.17099343082066412
11034	0.12134315498672753	0.5764660213271187	0.3021908236861539
11035	0.1004292209825041	0.5946625590528605	0.3049082199646356
11036	0.11468168283292214	0.6757271657328658	0.20959115143421206
11037	0.11468168283292214	0.6757271657328658	0.20959115143421206
11038	0.1004292209825041	0.5946625590528605	0.3049082199646356
11039	0.13838665740098768	0.7063705333834965	0.15524280921551564
11040	0.11648291803943424	0.7390901759661642	0.14442690599440172
11041	0.1414059047712616	0.69477791651629	0.16381617871244833
11042	0.30088141783521183	0.6393108967645486	0.059807685400239397
11043	0.09893622784845663	0.7894151253073001	0.11164864684424303
11044	0.09673126415949188	0.5496620460937652	0.35360668974674275
11045	0.13108586697882846	0.7496664492106409	0.11924768381053076
11046	0.0751105329794669	0.6760935923786061	0.2487958746419269
11047	0.16750184854725927	0.6851170161245609	0.1473811353281798
11048	0.1852823779386	0.6719118905382	0.14280573152320036
11049	0.17888739386013386	0.7377422584037725	0.08337034773609364
11050	0.16294222262739022	0.7373349381945258	0.09972283917808383
11051	0.173546986211605	0.7585599204561628	0.06789309333223234
11052	0.20241165887323648	0.6942014904502676	0.1033868506764959
11053	0.22549236411620613	0.4926412572817728	0.2818663786020208
11054	0.23885860000578807	0.6942315297280539	0.06690987026615776
11055	0.07030464009111888	0.7958756336969988	0.1338197262118824
11056	0.13506372015071927	0.7515997905184146	0.113336489330866
11057	0.2531319230287627	0.7003157391364766	0.04655233783476085
11058	0.11957894558247675	0.756446273699419	0.12397478071810408
11059	0.13524306880945255	0.6950478045845893	0.16970912660595816
11060	0.18200802172794195	0.686961249660427	0.13103072861163098
11061	0.2286076284511306	0.6803341636666843	0.09105820788218492
11062	0.1638413882572445	0.6038189483296944	0.23233966341306111
11063	0.1450857586760534	0.7618075270239593	0.09310671429998724
11064	0.22475857600512117	0.6761779930470551	0.09906343094782366
11065	0.13340762378627544	0.7644832580684104	0.10210911814531436
11066	0.21182253612584998	0.7149234248386583	0.07325403903549164
11067	0.23367520946464318	0.5651601788533659	0.20116461168199098
11068	0.1403894910105403	0.7304673565641474	0.1291431524253123
11069	0.1732803625526948	0.7298401299346672	0.09687950751263788
11070	0.18299470052192934	0.6631358544815001	0.1538694449965707
11071	0.030883034870250244	0.4649081639921548	0.5042088011375951
11072	0.17236336010032038	0.7016948624024614	0.12594177749721844
11073	0.09451918720582145	0.6255741820652576	0.2799066307289211
11074	0.11931035427365355	0.7139118511031504	0.166777794623196
11075	0.13964941516510304	0.71732050163601	0.14303008319888688
11076	0.17469858878553754	0.7239134504911261	0.10138796072333638
11077	0.1301292999999814	0.7235172053440317	0.14635349465598677
11078	0.14304063975176942	0.6694931033175618	0.18746625693066893
11079	0.20902162639279126	0.7022023870123681	0.08877598659484064
11080	0.19439933312533322	0.6536172585488362	0.15198340832583057
11081	0.057917579253731026	0.5682586178964849	0.37382380284978395
11082	0.179421042507504	0.7103451055643928	0.11023385192810312
11083	0.19272012230470653	0.6480621831327424	0.15921769456255067
11084	0.18118980755299352	0.7060234886848165	0.11278670376219024
11085	0.22463233302377222	0.6444474452053408	0.130920221770887
11086	0.232953408175653	0.6989961700368272	0.06805042178751972
11087	0.22358199595019312	0.6724491079553256	0.10396889609448064
11088	0.1997984569987229	0.4408848870766259	0.3593166559246512
11089	0.2245046107887519	0.6830870375252885	0.09240835168595961
11090	0.1039733851814166	0.7559692825544345	0.1400573322641487
11091	0.18134373745971968	0.737499450551726	0.08115681198855415
11092	0.07111719809053223	0.6986317675206021	0.23025103438886577
11093	0.13023686902000295	0.7495960488470118	0.1201670821329854
11094	0.090947484898029	0.22504294016797685	0.684009574933994
11095	0.1357658796662909	0.6982955275247303	0.16593859280897844
11096	0.1417138611719114	0.7009451911019293	0.1573409477261594
11097	0.018699830027414845	0.5228809855294325	0.4584191844431526
11098	0.059885034239440714	0.7564949028476353	0.1836200629129234
11099	0.1631539267428344	0.7247136275727224	0.11213244568444306
11100	0.11316027806059306	0.7402706606306805	0.14656906130872627
11101	0.0903138122564466	0.7157743071734936	0.19391188057005979
11102	0.18967758680615487	0.6332380055782469	0.17708440761559804
11103	0.20191751055365412	0.6338349840017388	0.16424750544460734
11104	0.20191751055365412	0.6338349840017388	0.16424750544460734
11105	0.2086170861388037	0.6448374144222465	0.14654549943894976
11106	0.24339440002476848	0.6112269732012202	0.14537862677401117
11107	0.18154909789747534	0.6981319893328456	0.12031891276967896
11108	0.1794416810257683	0.6657110513634115	0.1548472676108201
11109	0.08405213612492216	0.6847741688126319	0.2311736950624461
11110	0.044107731486096736	0.5074303080558841	0.4484619604580193
11111	0.26837492808661706	0.607264415906836	0.124360656006547
11112	0.09765555549548888	0.7804597706340098	0.12188467387050132
11113	0.2820923923594252	0.6272450051385431	0.09066260250203148
11114	0.1698093688348379	0.7595808428895613	0.07060978827560098
11115	0.07078316577546193	0.8067119808513398	0.12250485337319802
11116	0.2587917372616227	0.6203922727288628	0.1208159900095145
11117	0.14683389273305852	0.7404742727772412	0.1126918344897003
11118	0.08576553060378345	0.6400208684448181	0.2742136009513986
11119	0.23938491451720215	0.5236185881591234	0.2369964973236743
11120	0.0741353077593534	0.7921555155683244	0.13370917667232227
11121	0.29750633416482186	0.585407002114055	0.11708666372112304
11122	0.1393128427354558	0.7525849688802869	0.10810218838425707
11123	0.08331986156755745	0.7933030836520129	0.12337705478042964
11124	0.17924648083831754	0.7045296822648908	0.11622383689679154
11125	0.17965568959414355	0.7278927266001068	0.09245158380574957
11126	0.17610887728036584	0.7472518203872989	0.0766393023323351
11127	0.08642070346547656	0.6020009198669866	0.31157837666753685
11128	0.10177526905428924	0.41487342978133546	0.48335130116437536
11129	0.18352623269128918	0.7611795788677709	0.05529418844093998
11130	0.11219704316539196	0.5941970660940279	0.29360589074058036
11131	0.18033554412259467	0.6747698371704995	0.14489461870690573
11132	0.1422274005384018	0.5769254894896068	0.2808471099719917
11133	0.06601496181369165	0.5499817411888897	0.3840032969974187
11134	0.2110807194744299	0.7164421355013504	0.0724771450242197
11135	0.16945951370911932	0.7039276444167454	0.12661284187413524
11136	0.03474234056832812	0.4150303677075564	0.5502272917241153
11137	0.1546696736835741	0.6352780292091257	0.21005229710730022
11138	0.058191568984713296	0.5034164570261389	0.43839197398914775
11139	0.10670625836940402	0.794940012312519	0.09835372931807701
11140	0.1395663780041776	0.6823494759178709	0.17808414607795156
11141	0.09144783475510682	0.6481915469926944	0.2603606182521987
11142	0.2240562792113513	0.6894805255951734	0.08646319519347494
11143	0.18425280196541705	0.7103238260275816	0.10542337200700129
11144	0.12704072514252313	0.7283470859820449	0.14461218887543206
11145	0.1749414859354626	0.6496213454893887	0.17543716857514852
11146	0.1749414859354626	0.6496213454893887	0.17543716857514852
11147	0.200878136494839	0.6665580402301554	0.13256382327500538
11148	0.19084292938553674	0.6706719544712609	0.1384851161432026
11149	0.306466398932209	0.6457804565468146	0.04775314452097626
11150	0.19897017145181248	0.7221683139141871	0.07886151463400064
11151	0.2421472398110081	0.6718501801213175	0.08600258006767421
11152	0.27865201298358394	0.6695476043361834	0.051800382680232473
11153	0.09020754587719206	0.5434921766918929	0.36630027743091537
11154	0.21648280965463393	0.5611460868976729	0.2223711034476932
11155	0.06286542272823248	0.5646766649943881	0.3724579122773794
11156	0.04787266384478927	0.5572357612164206	0.3948915749387899
11157	0.09422205534186848	0.7776055975666988	0.12817234709143283
11158	0.015419867239595783	0.2724988316618463	0.7120813010985578
11159	0.06659716733024196	0.5461066473791552	0.3872961852906028
11160	0.12850156672702565	0.6008507694165643	0.27064766385641
11161	0.08008376536560087	0.6020775209169283	0.3178387137174707
11162	0.20327579696717699	0.6981147639333003	0.09860943909952248
11163	0.1727036320641859	0.6499926329974416	0.17730373493837298
11164	0.21631993995123336	0.6701113353742261	0.11356872467454064
11165	0.12432681423685424	0.7403148369059256	0.13535834885722006
11166	0.20785979503921762	0.4604205871484814	0.3317196178123009
11167	0.22391376612195596	0.693810177487472	0.08227605639057209
11168	0.2497259179515859	0.6446613045462036	0.10561277750221046
11169	0.10685261141653384	0.7884922045306848	0.10465518405278137
11170	0.1776919790720141	0.6936011487506707	0.1287068721773153
11171	0.2182847463996931	0.7055235405336268	0.07619171306667968
11172	0.16618876948397823	0.7162462242651609	0.11756500625086096
11173	0.17446320159367798	0.7593441655207736	0.06619263288554855
11174	0.1963864724549989	0.6405100955433081	0.16310343200169294
11175	0.14449270699688063	0.7503159711573836	0.10519132184573553
11176	0.13992628641588556	0.7212815730511402	0.13879214053297426
11177	0.3030241239018895	0.63949385412339	0.057482021974720465
11178	0.12857028531552303	0.6906269952243606	0.18080271946011664
11179	0.10218731297013894	0.7886473794157398	0.10916530761412131
11180	0.23557025010433344	0.6651762194889924	0.09925353040667408
11181	0.1312032228106442	0.6983359498049055	0.17046082738445034
11182	0.20862584162594622	0.6020597534108144	0.18931440496323934
11183	0.14600400680294104	0.3797560007952596	0.47423999240179904
11184	0.17433425926020948	0.6927439188046864	0.1329218219351038
11185	0.1357013574768745	0.6942444710208907	0.1700541715022351
11186	0.1357013574768745	0.6942444710208907	0.1700541715022351
11187	0.2378206010939393	0.6269450763357262	0.13523432257033433
11188	0.2252568303967953	0.6786963846948423	0.0960467849083628
11189	0.21550936020980402	0.7130351570346147	0.07145548275558139
11190	0.09574302869376117	0.5744009220677898	0.329856049238449
11191	0.0906606623413597	0.5885843210756049	0.3207550165830355
11192	0.1850031193142109	0.6456191057259623	0.16937777495982703
11193	0.09336372943114801	0.6582657564344315	0.2483705141344205
11194	0.19678498759290267	0.7098865064884556	0.09332850591864168
11195	0.10539003223283042	0.762587980500592	0.13202198726657743
11196	0.1250980332234542	0.7175622069780748	0.15733975979847106
11197	0.1541524281427622	0.6188875413787509	0.2269600304784868
11198	0.2375081031217395	0.6693603329622759	0.09313156391598461
11199	0.1954894610361232	0.7187544997199177	0.08575603924395923
11200	0.1108901381713564	0.654824006447824	0.23428585538081945
11201	0.11449081279473926	0.7610203026004567	0.12448888460480416
11202	0.17009367784002533	0.7656558546778285	0.0642504674821461
11203	0.09144190421850275	0.5845586009064653	0.323999494875032
11204	0.14801776460779548	0.727204444964899	0.12477779042730563
11205	0.237246246063367	0.6743234244114359	0.088430329525197
11206	0.237246246063367	0.6743234244114359	0.088430329525197
11207	0.20145000001501184	0.6907144386125571	0.10783556137243086
11208	0.1550280403378123	0.6760029012100189	0.16896905845216875
11209	0.12430734322698335	0.6902900965922744	0.1854025601807419
11210	0.09919253803570283	0.7838589513425683	0.11694851062172883
11211	0.12433510238033753	0.693183749627364	0.18248114799229823
11212	0.22236444900873076	0.5910560402611624	0.186579510730107
11213	0.13215309806029332	0.6497707953766674	0.21807610656303908
11214	0.10765073889442024	0.5364995472420957	0.3558497138634839
11215	0.23891497712641097	0.6601468605627245	0.1009381623108646
11216	0.2120598786332172	0.7100502193111996	0.07788990205558348
11217	0.19872357619647796	0.7194453553629769	0.08183106844054484
11218	0.28491339442685265	0.6553670128045679	0.05971959276857927
11219	0.12126188640573905	0.7361300119670857	0.1426081016271751
11220	0.2345664343070701	0.6511525401620888	0.1142810255308408
11221	0.27494786394370035	0.6396766364325408	0.08537549962375834
11222	0.2571288605158769	0.6628042486010478	0.08006689088307556
11223	0.11300221905495415	0.7192927875281685	0.16770499341687703
11224	0.06148891724374739	0.6520786995355713	0.28643238322068115
11225	0.25355877294978657	0.6668533338534501	0.07958789319676329
11226	0.2636667491970731	0.6786223262093944	0.05771092459353225
11227	0.048686157530033594	0.46512205109475047	0.48619179137521573
11228	0.23790085877940043	0.6453806082726725	0.1167185329479271
11229	0.15534835549962367	0.6999553388795344	0.14469630562084204
11230	0.196990821308161	0.7313835756780172	0.07162560301382194
11231	0.1892412645767933	0.6810961394560697	0.12966259596713745
11232	0.20500449340717533	0.6978473802870897	0.09714812630573469
11233	0.16129330594812216	0.7340298177174296	0.10467687633444822
11234	0.15085881304391838	0.6071362538207357	0.2420049331353461
11235	0.21118490707147183	0.6701441573379477	0.11867093559058053
11236	0.1726839770695203	0.7425580488657264	0.08475797406475334
11237	0.20108769442111277	0.6883146926310694	0.11059761294781773
11238	0.14219199772110974	0.38322352091369727	0.47458448136519327
11239	0.1803977018090121	0.6849189935348751	0.13468330465611283
11240	0.1219810646211675	0.6775429738652211	0.20047596151361138
11241	0.20494922259825582	0.6715888089317723	0.1234619684699718
11242	0.20777427263229495	0.6675987300916705	0.12462699727603453
11243	0.03775625763709207	0.19120329588083906	0.7710404464820688
11244	0.09609476571103395	0.8047320713694787	0.09917316291948727
11245	0.10600212060950749	0.7535658528876443	0.14043202650284836
11246	0.11382376936823747	0.7472912080220139	0.13888502260974867
11247	0.16606224857104884	0.6523285705257426	0.1816091809032085
11248	0.08626948205006657	0.5757412532273827	0.337989264722551
11249	0.11104489016383462	0.8075742805799289	0.08138082925623627
11250	0.11858006422687009	0.5128657366117039	0.3685541991614262
11251	0.2641326396147697	0.6397243520700318	0.09614300831519802
11252	0.22873497197952208	0.7125544706981242	0.058710557322353855
11253	0.3682272448346635	0.5738628379775289	0.057909917187807226
11254	0.16049780774258626	0.7731086497178948	0.06639354253951875
11255	0.17138809075433248	0.6960307902710837	0.13258111897458352
11256	0.275337001074664	0.6836777459333939	0.04098525299194195
11257	0.20195043311343483	0.7295550920533802	0.06849447483318485
11258	0.16214383147398986	0.6508265567188347	0.18702961180717567
11259	0.17829980337374443	0.7580432462934212	0.06365695033283437
11260	0.2454736013787551	0.6938092442394918	0.0607171543817533
11261	0.21301667771221536	0.6323525298773767	0.1546307924104079
11262	0.09010699677032738	0.48577697763370237	0.42411602559597034
11263	0.09745497728968847	0.7187014211953701	0.1838436015149415
11264	0.1278499751995937	0.7440820738090838	0.12806795099132232
11265	0.20365195965218624	0.7094091187689553	0.08693892157885842
11266	0.11508379166206611	0.6693666827968698	0.21554952554106416
11267	0.2387826430742378	0.5530456461982888	0.20817171072747337
11268	0.220589641600084	0.6270695560843813	0.1523408023155347
11269	0.18891376442376792	0.6833578953761674	0.1277283402000649
11270	0.09592213257171973	0.5643505979972924	0.33972726943098797
11271	0.23749610494160148	0.6589497775621409	0.10355411749625758
11272	0.11826265525214794	0.7565755117801368	0.12516183296771544
11273	0.20098402728524054	0.6769256972302893	0.12209027548447024
11274	0.0933680270367308	0.5793098528331759	0.32732212013009304
11275	0.22034165975703887	0.6837851680082571	0.0958731722347042
11276	0.16907700870679995	0.714409290547229	0.11651370074597125
11277	0.20384457311006182	0.7164124792739772	0.07974294761596078
11278	0.1590006834945827	0.7307470301362712	0.11025228636914615
11279	0.2170671469981287	0.6953481814865606	0.08758467151531045
11280	0.19084575113014593	0.6719748376149669	0.1371794112548874
11281	0.2582257831144673	0.6816078897183443	0.06016632716718851
11282	0.12899979278799092	0.795858228800657	0.07514197841135213
11283	0.052124580283941895	0.6890757709804601	0.2587996487355978
11284	0.08259553294504325	0.7456368560467127	0.1717676110082439
11285	0.2178987660885439	0.6946782955675219	0.08742293834393411
11286	0.11673768028751716	0.8065798105767896	0.07668250913569312
11287	0.19456813230927444	0.7137964633310468	0.09163540435967878
11288	0.1805245724720284	0.6991928237653958	0.12028260376257581
11289	0.14617676149488446	0.7043748775861162	0.14944836091899935
11290	0.026729645650949416	0.4364140285964536	0.5368563257525971
11291	0.24604833525294004	0.651647404664824	0.1023042600822359
11292	0.2096138323840889	0.6975430701461508	0.0928430974697602
11293	0.20212762736637183	0.7075957263570776	0.09027664627655096
11294	0.1945905433643671	0.7454773317254171	0.05993212491021574
11295	0.16736307809035725	0.6791053078873238	0.153531614022319
11296	0.07001040590278068	0.7819078186265604	0.1480817754706589
11297	0.15480384082434456	0.7056073268066	0.13958883236905545
11298	0.16189972807010475	0.7414437766454318	0.0966564952844633
11299	0.07085222363783131	0.8237798813494536	0.10536789501271526
11300	0.10831268097015734	0.6937872178389068	0.19790010119093546
11301	0.09170939373525595	0.28405770959517007	0.624232896669574
11302	0.3148822665005803	0.5979424236539725	0.08717530984544684
11303	0.23582820799284435	0.69215091174541	0.07202088026174594
11304	0.08131930132530919	0.5458136638751472	0.37286703479954375
11305	0.1352594718886819	0.6813096974448608	0.183430830666457
11306	0.2133630959323407	0.6997890212930137	0.0868478827746453
11307	0.21998820610359804	0.6874633290422675	0.09254846485413426
11308	0.16383297586653892	0.6945617445747739	0.14160527955868746
11309	0.16674217478160108	0.688072450722176	0.14518537449622282
11310	0.08841223562620965	0.6818998910356933	0.22968787333809695
11311	0.21416207517359778	0.7157731730526202	0.07006475177378202
11312	0.16156934830052197	0.7382157147411623	0.10021493695831557
11313	0.18480807783428738	0.7357828346968853	0.07940908746882744
11314	0.11408584619667995	0.8110150541606989	0.07489909964262122
11315	0.2645493516913342	0.6588640546269301	0.07658659368173523
11316	0.2573792732622442	0.6713072890726374	0.07131343766511831
11317	0.11921851733853632	0.7834602686449914	0.09732121401647205
11318	0.17906906925246793	0.6091745738116575	0.21175635693587427
11319	0.20273859651155904	0.5725715408459442	0.22468986264249635
11320	0.0779548962899145	0.5983110591552514	0.32373404455483457
11321	0.07859605107695554	0.5986339107759914	0.32277003814705324
11322	0.06390122261606118	0.7673164359380635	0.16878234144587517
11323	0.1449192699144857	0.6954644698589132	0.15961626022660105
11324	0.21652884086236857	0.7207295192240695	0.06274163991356177
11325	0.3529931531991673	0.5926463874366433	0.05436045936418959
11326	0.18687257523417666	0.7147644202650537	0.09836300450076989
11327	0.18379274800216394	0.6404167816317553	0.175790470366081
11328	0.25704552697490146	0.6757403147365768	0.06721415828852165
11329	0.05422997991533148	0.22402276007618147	0.7217472600084871
11330	0.11187458596449518	0.7094945758341381	0.1786308382013665
11331	0.2118154217709023	0.6826204659071915	0.10556411232190602
11332	0.22250595048898006	0.676765863756267	0.10072818575475304
11333	0.22179829881312735	0.6999445563725305	0.07825714481434201
11334	0.14998900399940537	0.7724232520696318	0.07758774393096257
11335	0.018891112228357525	0.29343642150447863	0.6876724662671638
11336	0.31529194579098707	0.5316312001614677	0.15307685404754523
11337	0.19437302072561632	0.695989002400031	0.10963797687435285
11338	0.1665374126037977	0.7030202379946168	0.1304423494015853
11339	0.17848908450234266	0.6917121622979461	0.12979875319971143
11340	0.1862915870955028	0.7223657645038494	0.09134264840064771
11341	0.23257746076025343	0.6874906556311496	0.07993188360859683
11342	0.12181808805203515	0.7210019637196777	0.15717994822828696
11343	0.12181808805203515	0.7210019637196777	0.15717994822828696
11344	0.1696391030725012	0.5275741385371426	0.3027867583903562
11345	0.21621434384569937	0.6305131053367528	0.1532725508175479
11346	0.15666202336920917	0.7074563191563962	0.13588165747439435
11347	0.2357813455880433	0.6874764092404303	0.07674224517152642
11348	0.14997731867032765	0.7784871597793213	0.07153552155035128
11349	0.2058545542035308	0.6912104816530791	0.10293496414339035
11350	0.21977769425193017	0.7254701859455365	0.05475211980253358
11351	0.026960685838442446	0.17165665635050678	0.8013826578110509
11352	0.09893386939727424	0.46327730004652384	0.4377888305562018
11353	0.13641971295386285	0.7324064281226653	0.13117385892347194
11354	0.14507465568661648	0.7551347951038303	0.09979054920955344
11355	0.17113367979822405	0.6745077477296614	0.15435857247211454
11356	0.1839950006594878	0.5982061733861915	0.2177988259543209
11357	0.18026831653192807	0.7317752997250827	0.08795638374298893
11358	0.13405137412149606	0.6561768198756508	0.209771806002853
11359	0.16523009351335982	0.6807839230848973	0.15398598340174277
11360	0.14351962615254707	0.7205204258656038	0.13595994798184902
11361	0.30244542452351486	0.6222180472864928	0.0753365281899922
11362	0.23429359205980874	0.7061589129879965	0.0595474949521946
11363	0.1074218500361388	0.6616399056735824	0.2309382442902789
11364	0.1356890463438942	0.6776977473008767	0.18661320635522918
11365	0.139950766452343	0.7489316659900205	0.11111756755763631
11366	0.134479327331976	0.7577662299108265	0.10775444275719759
11367	0.15483040076786567	0.7736746330309583	0.07149496620117617
11368	0.08282269673839639	0.6467987114881859	0.27037859177341766
11369	0.054464730863727974	0.8011907046304619	0.1443445645058099
11370	0.2627189007498256	0.6605130069920283	0.07676809225814558
11371	0.10099468050704682	0.6763777221294949	0.22262759736345816
11372	0.15759946713807357	0.7699790262050507	0.07242150665687577
11373	0.15491297995193046	0.7149120175711478	0.13017500247692174
11374	0.05276540697126065	0.7000708783221854	0.24716371470655388
11375	0.20354183402660705	0.5461412609087661	0.25031690506462695
11376	0.09716010983586491	0.7222933636331614	0.18054652653097378
11377	0.02443566853332771	0.49351436776377994	0.48204996370289227
11378	0.05343370068626608	0.6935621464234618	0.25300415289027206
11379	0.13325156585301542	0.7397945049314105	0.12695392921557397
11380	0.19684608596933117	0.7034938348471041	0.09966007918356479
11381	0.13536674943857038	0.6506553901187797	0.21397786044265005
11382	0.20317505479640305	0.7023234094478827	0.09450153575571421
11383	0.12239117490577867	0.7351496004769238	0.14245922461729746
11384	0.16503679497776597	0.6292423647876082	0.20572084023462575
11385	0.17253301256261516	0.7656288302971805	0.06183815714020419
11386	0.1476543641866737	0.7188001777372434	0.1335454580760829
11387	0.07467931664972562	0.6544950249965751	0.2708256583536992
11388	0.22131330038177519	0.6872000652964282	0.09148663432179711
11389	0.09414228630372874	0.8067808604425617	0.09907685325370932
11390	0.2570289493343942	0.6489718030772016	0.09399924758840446
11391	0.10908202255095754	0.6757833843956861	0.21513459305335642
11392	0.05660201281747008	0.525144435331455	0.41825355185107477
11393	0.22101500811098787	0.6905281658873597	0.08845682600165226
11394	0.2275747384742096	0.6972384391929837	0.07518682233280694
11395	0.20856693315425506	0.6905276359469898	0.10090543089875507
11396	0.17085459355754706	0.7120004733493623	0.11714493309309039
11397	0.10753919492918619	0.7924717369759527	0.09998906809486105
11398	0.21879516865716656	0.6984948304239876	0.08271000091884566
11399	0.08440534080854088	0.8118824537840018	0.10371220540745749
11400	0.11488724669742634	0.6887788436203078	0.19633390968226586
11401	0.2261634465945076	0.695429144531967	0.07840740887352518
11402	0.219930281230767	0.46182384619553385	0.3182458725736993
11403	0.16797892947850174	0.7394817102087005	0.09253936031279747
11404	0.10177814715859491	0.5515718098155489	0.34665004302585595
11405	0.14249311315091995	0.6879900017691721	0.1695168850799078
11406	0.17848908450234266	0.6917121622979461	0.12979875319971143
11407	0.17281735582717767	0.7389877563047702	0.0881948878680522
11408	0.2106716393555661	0.6933728172491661	0.09595554339526793
11409	0.13178719971553254	0.6935742188244995	0.17463858145996816
11410	0.19959540534785386	0.46780745050270267	0.3325971441494431
11411	0.20037301650725958	0.7187626377730378	0.08086434571970277
11412	0.2437481914570963	0.6684396592901992	0.08781214925270438
11413	0.18847688469788204	0.64826588899001	0.1632572263121074
11414	0.18187205076760918	0.6583627867025581	0.15976516252983292
11415	0.07904796043390906	0.49258758601650654	0.42836445354958447
11416	0.14123330690340208	0.7243653053160235	0.13440138778057423
11417	0.13766609502122104	0.5301125717719072	0.3322213332068718
11418	0.1949086741227216	0.7234561750623624	0.0816351508149162
11419	0.11331766440513488	0.7900099789304249	0.0966723566644401
11420	0.23361012576989096	0.7256131878107394	0.04077668641936972
11421	0.06898590619863793	0.2979323804894162	0.633081713311946
11422	0.1431564759368972	0.7516696086096046	0.10517391545349829
11423	0.17996219106472078	0.6933069883496468	0.12673082058563245
11424	0.18204664456673453	0.6993663714648563	0.11858698396840901
11425	0.17360452998218898	0.6881938864104868	0.13820158360732437
11426	0.23465167114164798	0.6590465198361779	0.10630180902217383
11427	0.21353918627185553	0.6601618037648747	0.12629900996326973
11428	0.10294546791324902	0.6892816040642171	0.20777292802253405
11429	0.10218891728485302	0.556850834663842	0.3409602480513048
11430	0.28545850728221156	0.5669248945287358	0.14761659818905254
11431	0.06558288430208677	0.5596483858717273	0.3747687298261857
11432	0.11907839467632748	0.6933397224599791	0.18758188286369326
11433	0.16090938942773317	0.7624867158919757	0.07660389468029118
11434	0.19551318185997058	0.6704717040935807	0.13401511404644825
11435	0.17491668943454186	0.7157909313614634	0.10929237920399479
11436	0.09584393759255092	0.6517401889165486	0.2524158734909002
11437	0.026099641246954942	0.40622951798089846	0.5676708407721468
11438	0.12478471346770038	0.754877535087978	0.1203377514443216
11439	0.05922349040084738	0.32223850513451946	0.6185380044646329
11440	0.10222098442723249	0.7024988144156282	0.19528020115713926
11441	0.21933327221205093	0.42737645689811393	0.35329027088983517
11442	0.25093295339974603	0.6562523084532951	0.09281473814695865
11443	0.16979687010476724	0.7498742392731896	0.08032889062204268
11444	0.26572145657283947	0.6598512321544018	0.07442731127275899
11445	0.14351962615254707	0.7205204258656038	0.13595994798184902
11446	0.19110107033698362	0.67573434348323	0.13316458617978646
11447	0.11029960275384344	0.7303787662867176	0.15932163095943902
11448	0.11443364111676185	0.7114201551243123	0.174146203758926
11449	0.05645176011265181	0.596636070908735	0.34691216897861304
11450	0.1618719691518536	0.7142843689823327	0.12384366186581355
11451	0.059093868922419246	0.7122141157352164	0.22869201534236427
11452	0.22872815663384102	0.6854874213085828	0.08578442205757637
11453	0.06020546462404268	0.6667693098106724	0.27302522556528463
11454	0.08398170984721189	0.736961652507683	0.179056637645105
11455	0.1405803037531996	0.6990264409990963	0.16039325524770381
11456	0.15129192018509888	0.7112776232641974	0.13743045655070382
11457	0.11483700161468981	0.5375897846981228	0.3475732136871872
11458	0.08074800631847708	0.591564704510683	0.32768728917084
11459	0.18016331991862367	0.6650965190199346	0.15474016106144173
11460	0.18452938148115222	0.650446036501877	0.16502458201697107
11461	0.24411853138579467	0.6824963524962023	0.07338511611800323
11462	0.15778741880374897	0.6674849544527731	0.17472762674347814
11463	0.17652223997969493	0.7273473654669919	0.0961303945533135
11464	0.15129073331910958	0.61765557182291	0.2310536948579804
11465	0.103170345281945	0.7071262229848928	0.18970343173316226
11466	0.11725920982289177	0.7133416239319113	0.16939916624519705
11467	0.22631042878327787	0.6956373195151759	0.07805225170154605
11468	0.23160016365463074	0.6894200306192183	0.07897980572615097
11469	0.26591793812670117	0.6744315447474205	0.059650517125878516
11470	0.18028326513116127	0.6840909269917387	0.13562580787710024
11471	0.22617944083897143	0.6787621225223245	0.09505843663870399
11472	0.09560875547634656	0.6710615865772693	0.23332965794638383
11473	0.11577345267330753	0.7255632761739254	0.15866327115276688
11474	0.16872339116421292	0.7368418911800866	0.09443471765570034
11475	0.16872339116421292	0.7368418911800866	0.09443471765570034
11476	0.302429638756131	0.6428267164948506	0.05474364474901834
11477	0.12910792934964427	0.5772827406813521	0.2936093299690036
11478	0.08618723332554684	0.7903510997245093	0.12346166694994369
11479	0.17259332787556805	0.7169814307025494	0.11042524142188254
11480	0.27576529339666633	0.6530167147973323	0.07121799180600125
11481	0.11308317888914884	0.7830347470998289	0.10388207401102188
11482	0.261202887134876	0.6456261558966	0.09317095696852357
11483	0.28268866034367596	0.6190052045644977	0.09830613509182634
11484	0.1662543934538312	0.7090797182335427	0.12466588831262601
11485	0.08445076572175325	0.7747660567156736	0.14078317756257325
11486	0.22382985521621848	0.6861634167100054	0.09000672807377612
11487	0.15922570752161894	0.6268703455642998	0.2139039469140811
11488	0.1928788272680171	0.6551212335262624	0.15199993920572047
11489	0.25096927949777487	0.6758485972776678	0.0731821232245571
11490	0.11340347502636144	0.6033747372828592	0.28322178769077927
11491	0.1722554430318587	0.6963202423626784	0.13142431460546275
11492	0.1515967857377605	0.7168113277398117	0.13159188652242765
11493	0.24292008815971125	0.6732151000944302	0.08386481174585836
11494	0.1674691400667874	0.6667832543170503	0.16574760561616217
11495	0.20484947881274257	0.6791543305237967	0.11599619066346094
11496	0.12207059739570301	0.7741397353538777	0.1037896672504194
11497	0.29125770288150993	0.6496153143251281	0.05912698279336217
11498	0.027438790628940255	0.5071193067126806	0.465441902658379
11499	0.05595617672659491	0.7030605540525354	0.24098326922086963
11500	0.15273991929314573	0.71970578649986	0.12755429420699427
11501	0.1044995339724694	0.3944392815317204	0.50106118449581
11502	0.0498831770855886	0.21652295732805543	0.733593865586356
11503	0.08614133512903377	0.4327807080558567	0.4810779568151097
11504	0.20362156528177516	0.6598051524636762	0.1365732822545485
11505	0.23417355427833259	0.6792501600279048	0.08657628569376266
11506	0.0779255043990107	0.7840876613491022	0.13798683425188693
11507	0.17569614963660563	0.7056644957743938	0.11863935458900031
11508	0.2082266836186602	0.7207672809595259	0.07100603542181338
11509	0.20363782879101622	0.6623949990895405	0.1339671721194432
11510	0.17865843077280041	0.6887685932876508	0.13257297593954884
11511	0.12313616977014594	0.5650814140683742	0.3117824161614797
11512	0.17181325266193453	0.6138531414239502	0.21433360591411518
11513	0.25587459194731305	0.6675252089281917	0.07660019912449544
11514	0.056221506860490274	0.505184678133327	0.4385938150061824
11515	0.12584910337503072	0.6292697971595159	0.24488109946545344
11516	0.3205703599156345	0.5695030806913758	0.10992655939298955
11517	0.20088727878203963	0.6221280206626406	0.17698470055531962
11518	0.09003239616774382	0.6948817866874435	0.21508581714481265
11519	0.11472431768166674	0.6506075540531616	0.23466812826517167
11520	0.2435481252335096	0.6524041980692455	0.10404767669724464
11521	0.21647213010197508	0.70937003469248	0.07415783520554486
11522	0.18882402897618952	0.7311512087243565	0.08002476229945385
11523	0.16035411377354086	0.7051343135100733	0.13451157271638578
11524	0.13357290924409762	0.6835550262668566	0.18287206448904578
11525	0.18404314678520856	0.6769878034160078	0.13896904979878374
11526	0.17418087979824032	0.6658570506057937	0.15996206959596593
11527	0.2658379395733541	0.44189996534227627	0.2922620950843695
11528	0.30205788442790604	0.6221379176063672	0.075804197965727
11529	0.14750334755300107	0.6241124087752197	0.2283842436717793
11530	0.10540610773818018	0.5114683117603216	0.3831255805014983
11531	0.25361921934011333	0.6938314614728615	0.05254931918702518
11532	0.1851988232522192	0.7048308900689726	0.10997028667880812
11533	0.20414201476810304	0.6387356739706814	0.15712231126121576
11534	0.2797828892244693	0.6498329607714305	0.07038415000410012
11535	0.15581857031555846	0.6415336795533851	0.2026477501310564
11536	0.17421059530992603	0.7213594426164683	0.10442996207360575
11537	0.21557863818839632	0.6955678807289669	0.0888534810826367
11538	0.135399731894709	0.6731295859767348	0.19147068212855622
11539	0.19808767577567296	0.7103261216351475	0.0915862025891795
11540	0.16551510622481394	0.644319950560273	0.19016494321491265
11541	0.10119358312600574	0.8094459925609104	0.08936042431308393
11542	0.09213933826274695	0.6149517740875222	0.29290888764973094
11543	0.1575351464585431	0.7474760181813158	0.09498883536014124
11544	0.2033859779720802	0.7106881036437018	0.0859259183842181
11545	0.23501791726393353	0.6981494515367801	0.06683263119928609
11546	0.2771342655100384	0.6608674141637859	0.061998320326175575
11547	0.24820780507865967	0.6325357147346085	0.11925648018673188
11548	0.10878187701963968	0.7267443236183112	0.16447379936204923
11549	0.05543462815933959	0.22532331344793924	0.719242058392721
11550	0.09575177845381007	0.7305112926056504	0.17373692894053971
11551	0.22113251658692606	0.6688512775158297	0.11001620589724413
11552	0.22177024589407737	0.7200210324657593	0.058208721640163545
11553	0.10475068015677202	0.7289529453560352	0.16629637448719298
11554	0.13573674996618634	0.7408619561561484	0.12340129387766514
11555	0.16090274348023817	0.6349367204353178	0.20416053608444404
11556	0.09050226609770762	0.6965854400809126	0.2129122938213798
11557	0.12947400417154883	0.7292293435141627	0.1412966523142884
11558	0.0815757623187352	0.7631268696062027	0.15529736807506206
11559	0.07396594603706552	0.681351263886599	0.24468279007633562
11560	0.062033721536097486	0.6867878416793509	0.2511784367845515
11561	0.21833460795850776	0.702529671083716	0.07913572095777645
