21257	0.05560335776832964	0.8400492359390108	0.10434740629265948
21258	0.14816728686861988	0.7724258192708678	0.07940689386051249
21259	0.12217741332148309	0.44044595500603634	0.4373766316724805
21260	0.17968835948510967	0.7596631496385269	0.06064849087636334
21261	0.36184577877717017	0.3555186200603771	0.2826356011624526
21262	0.39752901628325416	0.471347610112089	0.1311233736046569
21263	0.16591204896093295	0.5483526917410657	0.285735259298001
21264	0.20411914350553784	0.45049154667474944	0.3453893098197124
21265	0.23441478336928526	0.6127128301755721	0.15287238645514262
21266	0.12035108252576936	0.5747326733288505	0.30491624414538016
21267	0.0426001338038888	0.29244737641127216	0.6649524897848388
21268	0.17540158669390396	0.6825448964123454	0.1420535168937505
21269	0.44174048298620605	0.49026926538115545	0.06799025163263825
21270	0.08206764735611041	0.7322148997851545	0.18571745285873517
21271	0.18464822542321946	0.6354256690834591	0.17992610549332166
21272	0.34998089037096664	0.5573872754459216	0.0926318341831116
21273	0.24562933895302017	0.6599229172031965	0.09444774384378338
21274	0.37255180009642086	0.5157731818970874	0.11167501800649188
21275	0.4201798725163335	0.5244184213334977	0.05540170615016888
21276	0.4820060054261607	0.3742510034067802	0.14374299116705935
21277	0.19485729505108573	0.6178895669683095	0.18725313798060456
21278	0.29511202149264426	0.4592557702680659	0.2456322082392897
21279	0.266328596946726	0.41881088458935223	0.3148605184639219
21280	0.1087253101851374	0.6571542775939299	0.2341204122209328
21281	0.2081187054461712	0.6670925580396392	0.12478873651418955
21282	0.142975152113046	0.5733628893688222	0.28366195851813164
21283	0.3038352376605607	0.5835291040290416	0.11263565831039808
21284	0.16811834313447888	0.6252702145869644	0.2066114422785566
21285	0.2660296934114479	0.6174674316865638	0.11650287490198821
21286	0.11059036145949566	0.8180643789172984	0.07134525962320595
21287	0.34578133614860695	0.559169280441375	0.09504938341001753
21288	0.16198249336924359	0.5569810286139685	0.281036478016788
21289	0.28292709720802556	0.6170136575510577	0.1000592452409168
21290	0.21181910677798582	0.655078627183558	0.13310226603845615
21291	0.4818172895979033	0.4595375009678975	0.058645209434199215
21292	0.20951273455384783	0.48723011036711256	0.30325715507903944
21293	0.22342077074249672	0.6485367962507237	0.1280424330067796
21294	0.1086805543919573	0.7034732105795939	0.18784623502844897
21295	0.24693117270915216	0.46037098783146024	0.29269783945938765
21296	0.2779632408066358	0.5942890734038021	0.12774768578956205
21297	0.2179797890906767	0.6515406229233504	0.1304795879859731
21298	0.039312127021199586	0.897130523821876	0.06355734915692443
21299	0.09495755144112572	0.8312161633678374	0.07382628519103678
21300	0.17814606954554005	0.7137419904464057	0.10811194000805444
21301	0.24584584879388227	0.5180080998465303	0.23614605135958733
21302	0.10031101717560917	0.8086956788371583	0.09099330398723263
21303	0.19189986689088967	0.7172912714462542	0.09080886166285611
21304	0.35234389069002997	0.4811111168805394	0.1665449924294307
21305	0.16062966326187697	0.35507150499252527	0.48429883174559774
21306	0.24199734815176482	0.6521711994254413	0.10583145242279367
21307	0.2371501118841431	0.6678290356560892	0.09502085245976774
21308	0.3695973420735744	0.5572096674776569	0.07319299044876854
21309	0.22555674641750742	0.6057579594787327	0.16868529410375976
21310	0.1614153139271285	0.5245678386709377	0.3140168474019338
21311	0.4112634720422803	0.5517865670116384	0.03694996094608129
21312	0.049120961559451705	0.3851294981941317	0.5657495402464163
21313	0.050785967176027104	0.8357900171261949	0.11342401569777777
21314	0.15590342042744101	0.662129269182269	0.18196731039029007
21315	0.25943154640300037	0.49163860905017637	0.24892984454682335
21316	0.16938227242816753	0.35322462068888294	0.47739310688294956
21317	0.38069452682356186	0.4331424600744547	0.18616301310198335
21318	0.1445903432017974	0.7310462704605528	0.12436338633764998
21319	0.17896227611672572	0.6881052564894732	0.13293246739380082
21320	0.2522405880971292	0.6185320294064003	0.12922738249647037
21321	0.39601891608484036	0.40758195831377336	0.19639912560138637
21322	0.5642975083387582	0.34562159779271057	0.09008089386853106
21323	0.19135470039875419	0.7044460255675182	0.10419927403372767
21324	0.3073534003113642	0.595535904266457	0.09711069542217861
21325	0.04525400543089116	0.7304352257389737	0.22431076883013523
21326	0.10312613274234651	0.7973733569293571	0.09950051032829638
21327	0.3067231305641162	0.5630876661257852	0.1301892033100983
21328	0.19018436067141287	0.6991540129512266	0.1106616263773604
21329	0.07134870505177895	0.574419477226564	0.3542318177216571
21330	0.2138931897131739	0.5529729551163334	0.2331338551704927
21331	0.37396605266087196	0.5377064815864405	0.0883274657526875
21332	0.45623159900243254	0.4179760093218862	0.12579239167568126
21333	0.2465552561114812	0.7074404702925107	0.046004273596008206
21334	0.11839334190747952	0.3449442746768583	0.5366623834156621
21335	0.18154414095278193	0.53802833649423	0.280427522552988
21336	0.06182143045818746	0.8447733022638586	0.093405267277954
21337	0.36657706686276753	0.5604414732564137	0.07298145988081851
21338	0.1307760304070773	0.6335755665874151	0.23564840300550752
21339	0.11297149403895937	0.5227571614698932	0.3642713444911476
21340	0.21721420862636417	0.5597781346898356	0.22300765668380004
21341	0.2782714608211748	0.5747554587453917	0.14697308043343335
21342	0.24308133468424814	0.461919522461969	0.294999142853783
21343	0.3464004082089407	0.5078330392933678	0.1457665524976917
21344	0.2930717630616063	0.411926142169646	0.2950020947687478
21345	0.2784752400633807	0.6460220884713822	0.0755026714652368
21346	0.21310273894006618	0.7165668983053511	0.07033036275458253
21347	0.18017527605474348	0.662735622394289	0.15708910155096764
21348	0.25610098816623744	0.6184104149079301	0.12548859692583242
21349	0.1307842116424743	0.5926309430537511	0.2765848453037745
21350	0.28190569645631475	0.4020335460040199	0.31606075753966545
21351	0.1466669915381619	0.6687357112681299	0.18459729719370824
21352	0.3395786381538115	0.5648947998319193	0.09552656201426935
21353	0.2880681171069199	0.6781163007589737	0.03381558213410653
21354	0.1612518715365319	0.7018806532882524	0.1368674751752155
21355	0.34529148536652693	0.5679851972114781	0.08672331742199516
21356	0.34529148536652693	0.5679851972114781	0.08672331742199516
21357	0.3071202918232725	0.5625109867828297	0.13036872139389785
21358	0.3309137211576639	0.6130764075197198	0.05600987132261612
21359	0.3309137211576639	0.6130764075197198	0.05600987132261612
21360	0.09742053219866564	0.7925808337723766	0.10999863402895796
21361	0.2991072012676622	0.5793728871920724	0.12151991154026541
21362	0.051197284679505184	0.37156308354229134	0.5772396317782036
21363	0.2817080741394793	0.5805092448529182	0.13778268100760216
21364	0.7124564675722924	0.23976139638678295	0.04778213604092486
21365	0.15073370959836896	0.688240064566818	0.16102622583481274
21366	0.05961132739634526	0.784427839563346	0.15596083304030856
21367	0.05630519943338147	0.6657145031355292	0.27798029743108926
21368	0.284849334629871	0.6470993225751822	0.06805134279494687
21369	0.19756890393149373	0.5537696312745094	0.24866146479399662
21370	0.13698048771536422	0.7724463960069543	0.0905731162776814
21371	0.24979895985494982	0.5348521677171941	0.215348872427856
21372	0.07123482778455685	0.6977421703460908	0.23102300186935246
21373	0.1531257767210838	0.5959542788950871	0.25091994438382914
21374	0.12092169982331195	0.7802032608864616	0.09887503929022642
21375	0.2893848508442715	0.5979932641542276	0.11262188500150112
21376	0.15219193589169536	0.642418131184825	0.2053899329234797
21377	0.352036417183941	0.5310308405839798	0.11693274223207935
21378	0.08314164942189078	0.849085722044107	0.06777262853400197
21379	0.2768238854278376	0.632409400830588	0.09076671374157406
21380	0.6412067120555364	0.3130014694504123	0.045791818494051166
21381	0.6214434291513404	0.2911428060809383	0.08741376476772134
21382	0.3194456899476078	0.5954407886435426	0.08511352140884992
21383	0.2404619286720326	0.6827873089030467	0.07675076242492061
21384	0.11628887471708212	0.6860654935598289	0.19764563172308905
21385	0.1746366845290467	0.6317301215735455	0.19363319389740752
21386	0.3199607349594348	0.49234848080278526	0.18769078423777957
21387	0.24507714694009933	0.6752782358638822	0.07964461719601831
21388	0.10180133542795744	0.7381905780140956	0.16000808655794702
21389	0.2843388415011741	0.6066365412917886	0.10902461720703725
21390	0.35880281527282076	0.5640632073472173	0.07713397737996214
21391	0.31725774346605456	0.6280776222090706	0.05466463432487482
21392	0.12270486834410727	0.6592759911583879	0.21801914049750454
21393	0.12037132930354276	0.6358373578851976	0.24379131281125943
21394	0.2153117053774184	0.6478993824366149	0.1367889121859665
21395	0.46322834010034847	0.40141757522113636	0.13535408467851492
21396	0.1147092189400046	0.7433558458752928	0.14193493518470265
21397	0.27861963887049607	0.6165327444635695	0.10484761666593428
21398	0.2618934516315306	0.6280981163284217	0.11000843204004766
21399	0.18896060802310535	0.6509844599672973	0.16005493200959728
21400	0.12685503139077006	0.7732761942492572	0.09986877435997252
21401	0.05880696822681702	0.5432823790355508	0.39791065273763215
21402	0.21578143742900238	0.695473018142731	0.08874554442826649
21403	0.087367508737879	0.6175807500164981	0.2950517412456228
21404	0.12097243524384194	0.3338478747940135	0.5451796899621444
21405	0.1357402379138387	0.7031680739807159	0.16109168810544508
21406	0.25798175739038737	0.5805542943927849	0.16146394821682747
21407	0.039137651766576714	0.49950308306861757	0.46135926516480574
21408	0.19362850374243087	0.703773548494972	0.10259794776259719
21409	0.3030038286001269	0.6057749800721726	0.09122119132770082
21410	0.3030038286001269	0.6057749800721726	0.09122119132770082
21411	0.28209776324087765	0.6327287517788053	0.08517348498031665
21412	0.3056514589373758	0.6100993798726616	0.08424916118996226
21413	0.515434451465242	0.38534458960803547	0.09922095892672254
21414	0.13161154437023775	0.38514416370925164	0.4832442919205104
21415	0.3081705723187309	0.4993164722414689	0.1925129554398002
21416	0.3567544575893584	0.5556186126120443	0.0876269297985972
21417	0.6501063277127257	0.29767773433279077	0.05221593795448355
21418	0.4269775929524783	0.5288165441123422	0.04420586293517925
21419	0.32970639145496183	0.5525389582073229	0.11775465033771516
21420	0.294252317328794	0.6498253019350382	0.05592238073616775
21421	0.12289680179635341	0.7514163417832354	0.12568685642041133
21422	0.18989423101776276	0.6494701185060701	0.16063565047616699
21423	0.10638157668766109	0.7970786557832996	0.09653976752903919
21424	0.2606702383932727	0.6349587778508062	0.10437098375592127
21425	0.2255800855358223	0.4937741725684182	0.2806457418957595
21426	0.2681530056627613	0.5661596030206755	0.16568739131656335
21427	0.2363599573742996	0.6763794139471776	0.08726062867852273
21428	0.2680645362455095	0.562732565788174	0.16920289796631635
21429	0.2673056464501916	0.6407830947666321	0.09191125878317619
21430	0.08046703511158076	0.6892060575874225	0.23032690730099661
21431	0.08041534889490738	0.33460701281120664	0.5849776382938862
21432	0.3135265531226592	0.5492554418239716	0.13721800505336898
21433	0.27907930698601646	0.5778387911386755	0.14308190187530798
21434	0.18619494219313304	0.5473571921593393	0.26644786564752754
21435	0.2667807306917472	0.4480236909910629	0.2851955783171899
21436	0.30971306956105576	0.5648776360523581	0.12540929438658632
21437	0.24187479883938334	0.6498960009394388	0.10822920022117774
21438	0.43940250501104344	0.3871864891079427	0.173411005881014
21439	0.137637897739978	0.49578547026082614	0.3665766319991959
21440	0.1517617576567892	0.7289664200888338	0.1192718222543768
21441	0.11176887086427824	0.7358929991219347	0.15233813001378654
21442	0.1934406328594888	0.6973930886750793	0.10916627846543157
21443	0.4441762934617237	0.40947300720426427	0.14635069933401176
21444	0.573706941104813	0.3798973375090021	0.04639572138618506
21445	0.11193427770950878	0.681845487218672	0.20622023507181914
21446	0.3320998648548953	0.56685612117253	0.10104401397257452
21447	0.30971907797575826	0.6331957435385821	0.05708517848565963
21448	0.11916255583320999	0.7641266239421904	0.11671082022459958
21449	0.1113377079107445	0.7342558953194629	0.154406396769793
21450	0.2638759127493756	0.5851389144927376	0.15098517275788653
21451	0.037250026535034904	0.42873747060199935	0.5340125028629656
21452	0.22642412543627746	0.7106864467525535	0.06288942781116877
21453	0.3493546927343843	0.5678078264716296	0.08283748079398567
21454	0.0668563089508981	0.8414679391995621	0.09167575184953987
21455	0.2070204797737752	0.6669480496279346	0.12603147059829026
21456	0.14331557001620066	0.6700633284274581	0.1866211015563413
21457	0.2579647421512383	0.6596519417104717	0.08238331613828996
21458	0.05621285538336283	0.4752378188761531	0.4685493257404841
21459	0.08515341726872751	0.875844141058469	0.03900244167280346
21460	0.29557736726091793	0.6377760504653206	0.06664658227376119
21461	0.22765178565155667	0.6904850712004045	0.08186314314803902
21462	0.504858264463544	0.4218304031094098	0.07331133242704621
21463	0.12094099381256285	0.7060522380209471	0.1730067681664898
21464	0.15660592133483936	0.5896390404283401	0.2537550382368208
21465	0.3096039416600197	0.5964231384628336	0.09397291987714657
21466	0.45659242471061334	0.44062031957298425	0.10278725571640232
21467	0.042278982420225805	0.3966585392734728	0.5610624783063014
21468	0.21776975680165542	0.6560871082997504	0.12614313489859427
21469	0.13041304410834106	0.7867733873681688	0.08281356852349032
21470	0.359551602287055	0.511987765317473	0.12846063239547223
21471	0.29502397816789416	0.5374574606215846	0.16751856121052122
21472	0.15675566487456807	0.632188786243225	0.21105554888220696
21473	0.0374595897619377	0.4337059696013064	0.5288344406367559
21474	0.13426358306570968	0.6089915097369064	0.2567449071973842
21475	0.2620458975952626	0.6216900674308012	0.11626403497393618
21476	0.2841441450878883	0.6004194698095788	0.11543638510253298
21477	0.14126293813276036	0.4030473886834081	0.45568967318383147
21478	0.2554752338063567	0.6305555331964705	0.11396923299717257
21479	0.16054017609231394	0.5316551184717834	0.30780470543590277
21480	0.33241357938714206	0.546308886080686	0.12127753453217213
21481	0.13780295175825963	0.7604999970473615	0.10169705119437901
21482	0.4060865358779759	0.4890532454651794	0.10486021865684463
21483	0.25909262064362193	0.369547230683632	0.3713601486727457
21484	0.08698239691909872	0.7902806706717881	0.12273693240911318
21485	0.20152118688674284	0.6576935305358366	0.14078528257742037
21486	0.016329132260792568	0.2393173239325168	0.7443535438066906
21487	0.04256797587391594	0.3592806198730304	0.5981514042530537
21488	0.007081418113408446	0.8221468418361547	0.1707717400504369
21489	0.018087692119773294	0.8003620459670682	0.18155026191315876
21490	0.11550115639386305	0.6933083874427327	0.19119045616340408
21491	0.41620760156347275	0.39267738778713246	0.19111501064939465
21492	0.4633614890678738	0.45370007089546477	0.08293844003666145
21493	0.11273650303267702	0.7102202955249092	0.17704320144241392
21494	0.46078281574369945	0.4479542612660432	0.09126292299025725
21495	0.2947318465067963	0.639241722081964	0.06602643141123948
21496	0.19215631436335673	0.7343547968528852	0.073488888783758
21497	0.05738083604505734	0.8285881474315547	0.11403101652338778
21498	0.37676636328564544	0.5593936374327039	0.06383999928165064
21499	0.12044722426880669	0.7809141921625895	0.09863858356860351
21500	0.3165148758757705	0.5846862568785073	0.0987988672457219
21501	0.16888093461764042	0.7185201797056516	0.11259888567670785
21502	0.15352910354464688	0.6964388708474635	0.15003202560788956
21503	0.3528939324123136	0.5078924997693371	0.13921356781834937
21504	0.19366911386782842	0.7380446890877043	0.0682861970444673
21505	0.17193419859121545	0.7062410636990305	0.12182473770975417
21506	0.27306672235622564	0.6160041003057816	0.110929177337993
21507	0.3255927058494948	0.5553451384909942	0.11906215565951081
21508	0.04180620555770492	0.7769440934446668	0.1812497009976284
21509	0.41709291976816465	0.44115655550372523	0.14175052472811017
21510	0.10627533338579705	0.5558858084130661	0.33783885820113707
21511	0.18935548495123167	0.49438741439797	0.3162571006507986
21512	0.1440643361578704	0.7222426655372304	0.13369299830489959
21513	0.0692576832428106	0.4105368481694085	0.5202054685877809
21514	0.14775718528914097	0.5012293495070455	0.3510134652038135
21515	0.23668548845965315	0.6609376538812068	0.10237685765913983
21516	0.08780741695224169	0.6139307222553161	0.29826186079244216
21517	0.3029495209325534	0.5911497831340706	0.10590069593337548
21518	0.06989743256081031	0.45257905301152	0.47752351442766955
21519	0.1997278882668557	0.7017061680429282	0.09856594369021594
21520	0.21361930229219087	0.7187888794277688	0.06759181828004
21521	0.25916258103089546	0.4354158775231321	0.3054215414459723
21522	0.4708714912978297	0.432471453683986	0.09665705501818438
21523	0.5368893541429044	0.39927048411419214	0.06384016174290369
21524	0.14694965050751696	0.7410334257911166	0.11201692370136643
21525	0.31580252953553156	0.5729618635653403	0.11123560689912829
21526	0.29504023154846615	0.5557683568770495	0.14919141157448448
21527	0.25061542853161034	0.622330262050116	0.1270543094182734
21528	0.11628887471708212	0.6860654935598289	0.19764563172308905
21529	0.35974968627178383	0.5351069087902334	0.10514340493798288
21530	0.40108241297753083	0.3518992629760062	0.24701832404646298
21531	0.11040541452587896	0.7953496202547158	0.0942449652194053
21532	0.07406887748206378	0.7044408179882963	0.22149030452964003
21533	0.20262227480849798	0.7141575808177373	0.08322014437376449
21534	0.2846296416975644	0.6012046709549506	0.11416568734748504
21535	0.16261492440917638	0.5410971127781197	0.2962879628127039
21536	0.3441423382967244	0.5377332463297094	0.11812441537356637
21537	0.05705566410758923	0.5952032583779552	0.34774107751445565
21538	0.12028218725266202	0.5410382483746867	0.33867956437265134
21539	0.40491490509593936	0.5088659229002966	0.08621917200376396
21540	0.22119168967131309	0.6748991522075262	0.10390915812116072
21541	0.19277485982725379	0.7593781917319116	0.04784694844083465
21542	0.17383117185742963	0.30418384219311784	0.5219849859494524
21543	0.3942540176228115	0.5207601260502192	0.08498585632696912
21544	0.2872381676127979	0.5682200184310332	0.14454181395616866
21545	0.23837664387734311	0.5294549113045672	0.2321684448180894
21546	0.44757617282550827	0.4488393139113543	0.10358451326313763
21547	0.19210040699120126	0.4927157239460884	0.31518386906271023
21548	0.2284693489787117	0.7002910848609561	0.07123956616033217
21549	0.7922074778973017	0.19261321735468623	0.015179304748012053
21550	0.33193141742962956	0.5853997084267054	0.08266887414366507
21551	0.15452839133900717	0.7265256588279482	0.11894594983304464
21552	0.4610799591566132	0.477907185714994	0.06101285512839306
21553	0.25414388372097885	0.4175319788471746	0.3283241374318466
21554	0.16366815297327802	0.6122808699469393	0.2240509770797825
21555	0.021885445040766633	0.18388480806748783	0.7942297468917455
21556	0.18722502940899913	0.4648361094888697	0.3479388611021309
21557	0.07355619316884425	0.6637383205088032	0.26270548632235285
21558	0.1444793976222482	0.6923094187304835	0.16321118364726805
21559	0.11143301127851465	0.6503999055330966	0.2381670831883889
21560	0.2733524422924637	0.645646338517284	0.08100121919025177
21561	0.21275987898118018	0.7207356304378502	0.0665044905809698
21562	0.25285938961805726	0.6158655218264	0.13127508855554273
21563	0.21901776655962524	0.6473026898637286	0.13367954357664608
21564	0.3913472370759954	0.4882962442158716	0.12035651870813333
21565	0.32695741878814677	0.5466187854888301	0.1264237957230229
21566	0.32695741878814677	0.5466187854888301	0.1264237957230229
21567	0.26865185912337836	0.6201542293527036	0.11119391152391808
21568	0.2187979125790486	0.4780156379023636	0.3031864495185882
21569	0.11068178352426311	0.6916445718982887	0.19767364457744838
21570	0.24051561439100191	0.5460063705529369	0.21347801505606145
21571	0.14325337227950757	0.7915046079625482	0.0652420197579441
21572	0.29448043548562924	0.6436389593546786	0.06188060515969206
21573	0.24516941276183438	0.5748224610013333	0.18000812623683235
21574	0.09048288420943666	0.7335239071241427	0.1759932086664206
21575	0.23221646001605692	0.6967165018341595	0.07106703814978349
21576	0.10198303801805743	0.8090060650092851	0.08901089697265735
21577	0.3131864399887785	0.5729312902062874	0.11388226980493413
21578	0.04806487232809568	0.7209340127944138	0.23100111487749045
21579	0.08630047000612091	0.8132020723763309	0.10049745761754833
21580	0.25491683939146537	0.6895950738766202	0.05548808673191425
21581	0.22723633646937816	0.6042515190790186	0.16851214445160279
21582	0.36606071393949363	0.5334099154015128	0.100529370658993
21583	0.33287133514193595	0.6165996353895278	0.05052902946853594
21584	0.5116106633975966	0.40204532908040586	0.08634400752199738
21585	0.24902612000303798	0.5508138476519612	0.2001600323450009
21586	0.16909254488455516	0.5373573929854035	0.29355006213004126
21587	0.026138575045121164	0.6956857701868742	0.2781756547680047
21588	0.2854759876138399	0.590168852853994	0.12435515953216603
21589	0.2854976932563159	0.5827163107720034	0.13178599597168086
21590	0.2679181163654549	0.43429313674932957	0.2977887468852154
21591	0.0791908554409939	0.5004845295803744	0.4203246149786318
21592	0.3789086820461934	0.4758370504522899	0.14525426750151663
21593	0.14216859536785706	0.7042566773277545	0.15357472730438815
21594	0.1773667415175186	0.7347089255286069	0.08792433295387414
21595	0.4172656644336076	0.4477603765453061	0.13497395902108614
21596	0.47130546405060264	0.3970119169049402	0.13168261904445713
21597	0.28046528223930983	0.6629012227669808	0.05663349499370934
21598	0.39689032608656466	0.5317983252869338	0.07131134862650167
21599	0.25055635916452995	0.668341747769149	0.08110189306632086
21600	0.11356194056652652	0.7606455898571699	0.12579246957630352
21601	0.03041831754430201	0.317308899431528	0.6522727830241699
21602	0.2036863797169775	0.5783347978737093	0.21797882240931307
21603	0.3791872342046418	0.5239611591985569	0.09685160659680139
21604	0.3791872342046418	0.5239611591985569	0.09685160659680139
21605	0.3428956109864258	0.5979276885176642	0.059176700495910076
21606	0.029794247470210894	0.564986149520583	0.40521960300920595
21607	0.062065904612644565	0.5288530864473182	0.4090810089400369
21608	0.12863249354684725	0.555145103566284	0.3162224028868692
21609	0.5817507409641656	0.3106018879013865	0.10764737113444799
21610	0.3735926977173312	0.5372312430503549	0.08917605923231384
21611	0.16422368891375688	0.6818443940368325	0.15393191704941075
21612	0.07912494265131005	0.38804544577014716	0.5328296115785426
21613	0.11978637621839806	0.7168318383439591	0.16338178543764267
21614	0.375440400265022	0.5798931919041559	0.04466640783082231
21615	0.3664632866675672	0.555321392956795	0.07821532037563776
21616	0.3664632866675672	0.555321392956795	0.07821532037563776
21617	0.2737566129114185	0.5879708103467686	0.13827257674181317
21618	0.28899354183512466	0.6165243939617567	0.09448206420311857
21619	0.17945339161700036	0.5577391088872661	0.26280749949573357
21620	0.03171960441984152	0.5999777596058158	0.3683026359743426
21621	0.06968990025532452	0.7402907752460389	0.19001932449863673
21622	0.21371316649935307	0.7114124151324344	0.07487441836821271
21623	0.29726346429055767	0.5002610144623422	0.20247552124710042
21624	0.2932559866676627	0.6461900790644854	0.06055393426785188
21625	0.3065908130695046	0.600208680218037	0.09320050671245814
21626	0.4265102950985618	0.4919573651859244	0.0815323397155137
21627	0.10399851323610247	0.4047864330222351	0.4912150537416624
21628	0.2602864090476864	0.6322621211432041	0.1074514698091093
21629	0.09059875192936893	0.3454654218411879	0.5639358262294433
21630	0.045110788883095755	0.538637837606525	0.4162513735103792
21631	0.17460227139909298	0.7508448463757942	0.07455288222511247
21632	0.15324793885134733	0.6461185478221485	0.20063351332650425
21633	0.30668867334963384	0.5495542374235801	0.14375708922678598
21634	0.4601248999198517	0.4737503952112857	0.06612470486886267
21635	0.2292609162849385	0.6930865625431208	0.07765252117194064
21636	0.07464775150279725	0.6672723070321072	0.25807994146509555
21637	0.14278460469876902	0.6102490304447988	0.246966364856432
21638	0.2429931251154261	0.5458180998434888	0.21118877504108494
21639	0.20037616771465439	0.6603123208682258	0.13931151141711964
21640	0.41641682639110006	0.44400780477646545	0.1395753688324342
21641	0.26562617324906695	0.6419187334227562	0.09245509332817692
21642	0.3073534003113642	0.595535904266457	0.09711069542217861
21643	0.5031796380957996	0.39532685183720023	0.10149351006699986
21644	0.5354876561985112	0.42431955150055156	0.04019279230093713
21645	0.19184671700180933	0.48528835998373876	0.32286492301445197
21646	0.2620950226427956	0.6136278757999852	0.12427710155721891
21647	0.27619826540896125	0.6293050081769902	0.09449672641404859
21648	0.3453404491584947	0.547847019109022	0.10681253173248319
21649	0.16684675624308914	0.6973867030344444	0.135766540722466
21650	0.2030620680169987	0.6168437560379985	0.1800941759450029
21651	0.3170508663948612	0.5955593074655596	0.08738982613957887
21652	0.24408579909734246	0.707005252332505	0.048908948570152676
21653	0.20562810895676237	0.5329548548283587	0.2614170362148786
21654	0.34941713832280236	0.5258450407692765	0.12473782090792111
21655	0.08381019044643963	0.7202822972894168	0.19590751226414335
21656	0.18670940490366758	0.7036077920413828	0.10968280305494962
21657	0.1531617560595816	0.5689796770546223	0.27785856688579597
21658	0.27997985487225324	0.5572628743834945	0.1627572707442522
21659	0.3077318732273698	0.6051548831646101	0.08711324360802018
21660	0.1693055884496581	0.705675595919789	0.12501881563055298
21661	0.15624559066912486	0.4849433571744986	0.3588110521563762
21662	0.2655743683718239	0.6045016031194772	0.1299240285086989
21663	0.29053747056140533	0.618444104501641	0.09101842493695363
21664	0.17716457661153778	0.6580827676977289	0.1647526556907334
21665	0.21927380478164	0.6217120748037425	0.1590141204146174
21666	0.18194557002171194	0.7359341004649985	0.08212032951328947
21667	0.34810363468833316	0.45701072917605357	0.19488563613561316
21668	0.4455338013998024	0.32930766729795	0.22515853130224744
21669	0.14266535000716618	0.720385071970413	0.1369495780224207
21670	0.26519800213009215	0.6274171152295922	0.10738488264031551
21671	0.1108727904113768	0.6988638415809179	0.1902633680077051
21672	0.22915145649391852	0.56666121644777	0.20418732705831136
21673	0.20293251696988862	0.5899203795529119	0.20714710347719956
21674	0.16421569566044011	0.34714296388019467	0.4886413404593651
21675	0.22554616520477525	0.6659674423623638	0.108486392432861
21676	0.2135543380669836	0.486622292981365	0.2998233689516511
21677	0.3232565735255562	0.5919247627173426	0.08481866375710104
21678	0.1065766882837464	0.47573010484909084	0.41769320686716266
21679	0.2391277464166996	0.61857222864724	0.14230002493606045
21680	0.315734644493182	0.5538501540200609	0.13041520148675706
21681	0.24801532341021842	0.46113689422900717	0.2908477823607745
21682	0.12942988728331054	0.6731359476963229	0.19743416502036645
21683	0.256801090847625	0.6017856575779762	0.1414132515743989
21684	0.48435287256796333	0.4705420540962057	0.04510507333583086
21685	0.11595230771826057	0.8058644742880645	0.07818321799367474
21686	0.17388682887634072	0.7114824204741553	0.11463075064950394
21687	0.40147293463870887	0.4762249330965464	0.12230213226474465
21688	0.249238430763501	0.5056053875231892	0.24515618171330958
21689	0.47464257943839594	0.45215472634963066	0.0732026942119731
21690	0.28397137586238	0.6070675297749422	0.10896109436267734
21691	0.20654222462228225	0.6154106433172031	0.17804713206051467
21692	0.14909031515118204	0.37308686346905373	0.477822821379764
21693	0.04000741676587872	0.3323485247839942	0.6276440584501272
21694	0.23926811003447698	0.5986709308835552	0.16206095908196777
21695	0.398029168951082	0.5592428984929024	0.042727932556015334
21696	0.06698603909373518	0.8502289876424499	0.08278497326381482
21697	0.30145619130746293	0.6040490539216417	0.09449475477089585
21698	0.06408383310557028	0.7780704168801527	0.15784575001427706
21699	0.1278060506397173	0.6840739782816162	0.18811997107866651
21700	0.21636255591416712	0.5825828105396677	0.20105463354616512
21701	0.5575113277835252	0.41845352515955475	0.024035147056919826
21702	0.20652792257629382	0.4705113189332063	0.3229607584904998
21703	0.22046993453024996	0.6759825672681761	0.10354749820157391
21704	0.09730639303401319	0.7014705061413635	0.2012231008246232
21705	0.11121798970111897	0.5064709806114017	0.38231102968747926
21706	0.2763761961161663	0.5981310588096213	0.12549274507421254
21707	0.29929794324179243	0.5516763093645424	0.1490257473936652
21708	0.08272847332023484	0.7042380088621296	0.21303351781763552
21709	0.06634554121298984	0.7191106177809107	0.21454384100609938
21710	0.28940301005844976	0.5574820464372631	0.15311494350428748
21711	0.3836169047609999	0.5498364065372034	0.06654668870179657
21712	0.36960757974257424	0.5870652456471863	0.04332717461023953
21713	0.12393901664189122	0.6746235410010585	0.20143744235705022
21714	0.11124687030802512	0.7865241826546117	0.10222894703736328
21715	0.07156229785921597	0.7353770387034804	0.19306066343730363
21716	0.2484804901649294	0.577254576909103	0.1742649329259678
21717	0.31030697035880056	0.5790556217424127	0.11063740789878702
21718	0.25168812237874366	0.46500670350901024	0.28330517411224626
21719	0.12899962723251548	0.46292381940596367	0.4080765533615211
21720	0.15082326456712278	0.5095472165942236	0.3396295188386535
21721	0.2309771982993464	0.6096527399396022	0.15937006176105126
21722	0.03753927674710263	0.478398203928375	0.4840625193245223
21723	0.09562377017557513	0.6305653189965932	0.2738109108278315
21724	0.3158458882532024	0.5329960570614924	0.15115805468530485
21725	0.11116515657268025	0.4065001166359537	0.4823347267913658
21726	0.37986343832045844	0.5453658433339276	0.07477071834561375
21727	0.24781350932342297	0.5219428206180705	0.2302436700585067
21728	0.30855784817334025	0.5194647240874634	0.1719774277391964
21729	0.21429683625159873	0.6537531282525108	0.13195003549589032
21730	0.2199210690693547	0.5448247152181989	0.23525421571244653
21731	0.40074993453737645	0.5169415592155867	0.08230850624703695
21732	0.11204019412633051	0.7876626688095585	0.10029713706411068
21733	0.32952220826351225	0.5423748759366525	0.12810291579983515
21734	0.2457469377316664	0.606517842871004	0.1477352193973294
21735	0.41118825285757854	0.4888714131306879	0.09994033401173354
21736	0.030154230490698063	0.2061448674485699	0.7637009020607319
21737	0.05471527601126334	0.343635127874117	0.6016495961146197
21738	0.2591626619841634	0.6565602130328441	0.08427712498299254
21739	0.3544708317054053	0.5480052874813753	0.09752388081321908
21740	0.22456434042547094	0.6028340047157517	0.17260165485877726
21741	0.3249215881612995	0.5408061467958937	0.1342722650428069
21742	0.20813179445373842	0.6077201729301065	0.18414803261615514
21743	0.18125940978719499	0.7847166618707213	0.03402392834208361
21744	0.34039393727563294	0.5382126138122014	0.121393448912166
21745	0.3320998648548953	0.56685612117253	0.10104401397257452
21746	0.3320998648548953	0.56685612117253	0.10104401397257452
21747	0.1640824446242022	0.6296663028590324	0.20625125251676543
21748	0.0704405406621675	0.3219683932025314	0.6075910661353012
21749	0.20613927476379437	0.4501989999084885	0.343661725327717
21750	0.2303726360017846	0.39038005364451955	0.37924731035369563
21751	0.23230848083066372	0.6280645692182955	0.1396269499510409
21752	0.18054049310645992	0.7632586211656017	0.05620088572793823
21753	0.3126211697016851	0.577389582536482	0.10998924776183304
21754	0.346178926559639	0.5736863245081756	0.0801347489321851
21755	0.031133860362237	0.3714484813039739	0.597417658333789
21756	0.07913350623973428	0.7751441444258496	0.14572234933441625
21757	0.21332611277504718	0.6016461926364187	0.185027694588534
21758	0.30455039089996	0.4630258819892245	0.23242372711081566
21759	0.06001095478477102	0.5963215246882159	0.34366752052701316
21760	0.07558522760288379	0.8801638561339814	0.04425091626313483
21761	0.21583345285681	0.7371267418565308	0.04703980528665906
21762	0.3894564027894866	0.5141843740890857	0.09635922312142792
21763	0.06254668402857844	0.4235112481132981	0.5139420678581235
21764	0.32594113273213793	0.5501503772111362	0.1239084900567255
21765	0.2467206384733033	0.645207941654877	0.10807141987181941
21766	0.31893261186429883	0.5652430374492694	0.11582435068643165
21767	0.332645451056605	0.557397169159361	0.10995737978403465
21768	0.21002815869857402	0.6719988466836718	0.11797299461775415
21769	0.21002815869857402	0.6719988466836718	0.11797299461775415
21770	0.2498503921781015	0.49492433807189434	0.2552252697500042
21771	0.26311056370455166	0.4692923337247128	0.2675971025707353
21772	0.04507738289840603	0.785211526264338	0.16971109083725594
21773	0.2056176751909654	0.6104638680724459	0.1839184567365886
21774	0.07459391552767328	0.86249277600634	0.0629133084659867
21775	0.3569572486798412	0.5545898648833535	0.08845288643680534
21776	0.1826787281172013	0.4292661230217132	0.3880551488610856
21777	0.181459105176501	0.7520256290998207	0.0665152657236783
21778	0.1823281743198456	0.6611264416173739	0.15654538406278054
21779	0.3721821025589618	0.45479999054667936	0.17301790689435875
21780	0.20751213622412376	0.624564073959428	0.16792378981644823
21781	0.13259182930848043	0.6442976646366095	0.2231105060549102
21782	0.31522516008088636	0.6113628887509804	0.07341195116813316
21783	0.24299406749469327	0.6734627728349445	0.08354315967036206
21784	0.289212608736992	0.5513171326213051	0.15947025864170294
21785	0.3384221865811985	0.5531307000472961	0.10844711337150544
21786	0.3172513850360565	0.43463012342425345	0.24811849153968998
21787	0.4549925907384397	0.42805312896218295	0.11695428029937724
21788	0.1640438197201906	0.6190038340179885	0.2169523462618209
21789	0.22280488158502446	0.6382538891818211	0.13894122923315444
21790	0.3741484042890992	0.4580222378606616	0.16782935785023922
21791	0.1157562628902453	0.6697368177331305	0.21450691937662397
21792	0.25543951772124324	0.5764966876238438	0.16806379465491308
21793	0.2683056341463649	0.6407004103540277	0.09099395549960738
21794	0.29919310758678935	0.6322301444084854	0.06857674800472521
21795	0.5124726747097076	0.4284512933738733	0.059076031916419205
21796	0.4228858298968737	0.4642540538483933	0.11286011625473277
21797	0.39213274297673606	0.4791397944330963	0.12872746259016768
21798	0.6698666569444436	0.3019474321747145	0.0281859108808419
21799	0.07701876438652891	0.6241416923962818	0.2988395432171893
21800	0.14141773423972367	0.7548465645283562	0.1037357012319203
21801	0.46460173598922333	0.4404477575948069	0.09495050641596972
21802	0.3026491691848061	0.6154148864315684	0.08193594438362543
21803	0.3026491691848061	0.6154148864315684	0.08193594438362543
21804	0.340315597560777	0.5283986384585544	0.13128576398066877
21805	0.1776915263585427	0.6875235067255289	0.13478496691592814
21806	0.37259049964187224	0.5394739241016565	0.08793557625647062
21807	0.39567743632799524	0.48554358234987444	0.11877898132213045
21808	0.41939984888419585	0.5344488188126112	0.04615133230319277
21809	0.27154173519549274	0.4817029376081488	0.24675532719635854
21810	0.30644117012626254	0.5888998240812419	0.10465900579249549
21811	0.21990715331442295	0.6702327195132645	0.1098601271723126
21812	0.3726308717553336	0.5459282939835866	0.08144083426107977
21813	0.20827573091488238	0.5871588535542448	0.20456541553087268
21814	0.2825956547779607	0.6442745772635464	0.07312976795849284
21815	0.07847536172334169	0.5842564920927923	0.33726814618386636
21816	0.10699573724653112	0.667134627579635	0.22586963517383363
21817	0.18000497441370925	0.6813414749056529	0.13865355068063773
21818	0.3814524315863683	0.46432967596070873	0.15421789245292275
21819	0.17770840969160867	0.706403339842629	0.11588825046576245
21820	0.07343865860657682	0.818599754163871	0.10796158722955199
21821	0.21861886718006235	0.6237672077976478	0.15761392502228977
21822	0.20241006100360984	0.7089699468897748	0.08861999210661527
21823	0.13872187370473937	0.5703328119292415	0.2909453143660193
21824	0.15763305473167735	0.7903481562186014	0.052018789049721265
21825	0.14691045417528503	0.7339016260193401	0.11918791980537485
21826	0.07708263026870864	0.8058479383977635	0.11706943133352832
21827	0.18011278659030652	0.6848202906009734	0.13506692280872026
21828	0.04059663867269881	0.9299197155547292	0.029483645772571863
21829	0.1840364229711361	0.6274729357126974	0.18849064131616627
21830	0.29572795174788125	0.5983249236169228	0.10594712463519604
21831	0.4556939308482339	0.4002342227842684	0.14407184636749754
21832	0.20091268037588783	0.7357726276106529	0.06331469201345909
21833	0.3426544027534093	0.5258755437790685	0.131470053467522
21834	0.16365710773917358	0.41969448418786387	0.41664840807296255
21835	0.2925315125049819	0.5697396085315938	0.13772887896342403
21836	0.19087020416203734	0.6353551749086978	0.1737746209292647
21837	0.19068898664556896	0.4626923883480148	0.3466186250064165
21838	0.4022768038454965	0.5118139293894405	0.08590926676506326
21839	0.22405943810753692	0.5441596427089737	0.23178091918348923
21840	0.27236294905035446	0.6360122601014252	0.09162479084822002
21841	0.11835163770747756	0.8246233710210883	0.057024991271434136
21842	0.1062859462082503	0.49127895087188495	0.40243510291986484
21843	0.19022470390663743	0.6098268397561274	0.19994845633723482
21844	0.2364737040739092	0.6540306470488544	0.10949564887723653
21845	0.2723573428153893	0.6154725757424544	0.11217008144215612
21846	0.4752745958795099	0.4130585146390417	0.11166688948144819
21847	0.4301123813574888	0.5313741031410165	0.038513515501494684
21848	0.18232470324845598	0.6617408503415373	0.1559344464100068
21849	0.14755540766537825	0.5823432510797797	0.2701013412548419
21850	0.20125376081887159	0.7012247059290525	0.09752153325207626
21851	0.16843975461332344	0.7242151118101606	0.10734513357651582
21852	0.23990735314837264	0.6350767640005281	0.12501588285109896
21853	0.12211086567088315	0.767035692574862	0.11085344175425484
21854	0.2325784778142346	0.5143392201753587	0.2530823020104065
21855	0.15939882769900707	0.7624861594548388	0.07811501284615449
21856	0.39186972487329347	0.5136992982427574	0.09443097688394916
21857	0.3247150770569631	0.5161409011093472	0.15914402183368972
21858	0.1505230888498036	0.7931827119004354	0.05629419924976128
21859	0.3090808375172745	0.635503336712842	0.05541582576988329
21860	0.16417230462376106	0.5640723021441059	0.2717553932321329
21861	0.3353654284684482	0.5607200554128533	0.10391451611869841
21862	0.1946997366093921	0.5153179012131048	0.28998236217750273
21863	0.39205751079616535	0.5155489809085001	0.09239350829533494
21864	0.28897411190400746	0.5327580039533834	0.17826788414260913
21865	0.058944660532528635	0.2702533623900929	0.6708019770773785
21866	0.3948154742910753	0.5331195500343254	0.07206497567459932
21867	0.25921790050659405	0.61844232488089	0.12233977461251586
21868	0.2865008841925139	0.5705619886521156	0.1429371271553705
21869	0.24771165647602683	0.43381972302148947	0.31846862050248365
21870	0.08331738187997849	0.880576645225474	0.03610597289454763
21871	0.09985207715143277	0.7210619314736681	0.1790859913748989
21872	0.1381446014650227	0.7713482289147467	0.09050716962023037
21873	0.4015252561145294	0.49426326528238035	0.10421147860309019
21874	0.2119450325237853	0.44776333512793637	0.3402916323482784
21875	0.34732141289602175	0.31599021561673646	0.3366883714872414
21876	0.28331408991364665	0.564246372971167	0.1524395371151863
21877	0.02870568867247748	0.2821873092918435	0.6891070020356791
21878	0.20855091744496118	0.5790942185286011	0.2123548640264377
